{
  "date_time": "30/06/2023 15:43:18",
  "camera_angle_x": 0.7853981633974483,
  "frames": [
    {
      "file_path": "images/0000",
      "transform_matrix": [
        [
          1.0,
          0.0,
          0.0,
          0.0
        ],
        [
          0.0,
          1.0,
          0.0,
          0.0
        ],
        [
          0.0,
          0.0,
          1.0,
          0.9999999999999998
        ],
        [
          0.0,
          0.0,
          0.0,
          1.0
        ]
      ],
      "ft": [
        0.0,
        0.0,
        58.86000000000001,
        8.881784197001252e-16,
        0.0,
        0.0
      ]
    },
    {
      "file_path": "images/0001",
      "transform_matrix": [
        [
          0.9999999999979212,
          2.0164122969388174e-06,
          -3.024832653771186e-07,
          -3.024832653242271e-07
        ],
        [
          -2.0164116869368723e-06,
          0.9999999999959335,
          2.016633668015547e-06,
          2.016633668056045e-06
        ],
        [
          3.024873317408152e-07,
          -2.016633058080563e-06,
          0.9999999999979208,
          0.9999999999979208
        ],
        [
          0.0,
          0.0,
          0.0,
          1.0
        ]
      ],
      "ft": [
        0.009105947782432015,
        0.01836577374095101,
        58.887369804554226,
        0.0031059734064444126,
        0.0003583661137740927,
        0.001194473667871119
      ]
    },
    {
      "file_path": "images/0002",
      "transform_matrix": [
        [
          0.9999999998650824,
          1.6244940546503435e-05,
          -2.4366755140237845e-06,
          -2.4366755140281526e-06
        ],
        [
          -1.62449009564043e-05,
          0.9999999997360736,
          1.624672762701724e-05,
          1.6246727627011737e-05
        ],
        [
          2.436939440505057e-06,
          -1.6246688041272882e-05,
          0.9999999998650533,
          0.9999999998650528
        ],
        [
          0.0,
          0.0,
          0.0,
          1.0
        ]
      ],
      "ft": [
        0.017928713371175135,
        0.0370994157404398,
        58.91421183486355,
        0.006152144478316218,
        0.000709741667963811,
        0.0023659463627193323
      ]
    },
    {
      "file_path": "images/0003",
      "transform_matrix": [
        [
          0.9999999984713295,
          5.4681836452024656e-05,
          -8.199894364765243e-06,
          -8.199894364846472e-06
        ],
        [
          -5.468138793737783e-05,
          0.9999999970095919,
          5.468786495229321e-05,
          5.468786495232969e-05
        ],
        [
          8.20288477313144e-06,
          -5.468741648708866e-05,
          0.999999998471,
          0.9999999984709997
        ],
        [
          0.0,
          0.0,
          0.0,
          1.0
        ]
      ],
      "ft": [
        0.026364634804274596,
        0.05691065312634394,
        58.94052823261533,
        0.00913896187947138,
        0.001053952081777516,
        0.0035145865609956966
      ]
    },
    {
      "file_path": "images/0004",
      "transform_matrix": [
        [
          0.9999999897644053,
          0.00014149735905032973,
          -2.1205833116334605e-05,
          -2.1205833116377804e-05
        ],
        [
          -0.0001414943567643254,
          0.9999999799767091,
          0.00014151299899379833,
          0.00014151299899367586
        ],
        [
          2.1225856407352946e-05,
          -0.00014150999703961212,
          0.9999999897621922,
          0.9999999897621918
        ],
        [
          0.0,
          0.0,
          0.0,
          1.0
        ]
      ],
      "ft": [
        0.03526749613335455,
        0.08135343805846618,
        58.96950737362227,
        0.01242879344510494,
        0.0014322352633604704,
        0.004779740522723632
      ]
    },
    {
      "file_path": "images/0005",
      "transform_matrix": [
        [
          0.9999999626921146,
          0.00027014721598249777,
          -4.045060113512414e-05,
          -4.045060113511134e-05
        ],
        [
          -0.0002701362775160611,
          0.9999999270153475,
          0.00027017714799263694,
          0.00027017714799271175
        ],
        [
          4.052358578720337e-05,
          -0.00027016621073808493,
          0.9999999626840281,
          0.9999999626840284
        ],
        [
          0.0,
          0.0,
          0.0,
          1.0
        ]
      ],
      "ft": [
        0.04255154237680489,
        0.10575211571326266,
        58.9947095407349,
        0.01529114647445518,
        0.0017600418109717623,
        0.005880476726066065
      ]
    },
    {
      "file_path": "images/0006",
      "transform_matrix": [
        [
          0.9999998923023068,
          0.00045900316187340756,
          -6.864016836673878e-05,
          -6.864016836671816e-05
        ],
        [
          -0.00045897160504095486,
          0.9999997893071559,
          0.0004590541472142525,
          0.0004590541472142551
        ],
        [
          6.885086120978891e-05,
          -0.0004590225938869341,
          0.9999998922789031,
          0.9999998922789031
        ],
        [
          0.0,
          0.0,
          0.0,
          1.0
        ]
      ],
      "ft": [
        0.049146222549973695,
        0.1333633135082804,
        59.019386075749146,
        0.018095782644146324,
        0.0020793203921834484,
        0.006958983273607665
      ]
    },
    {
      "file_path": "images/0007",
      "transform_matrix": [
        [
          0.9999997069514271,
          0.0007571843834333005,
          -0.00011299942287005408,
          -0.00011299942286990827
        ],
        [
          -0.0007570986002550693,
          0.9999994266727193,
          0.0007572687387105284,
          0.0007572687387105148
        ],
        [
          0.00011357275014741606,
          -0.0007571829650891206,
          0.9999997068875511,
          0.999999706887551
        ],
        [
          0.0,
          0.0,
          0.0,
          1.0
        ]
      ],
      "ft": [
        0.05563164851533413,
        0.16908345790560303,
        59.04651511565594,
        0.02118274089336951,
        0.0024274856705326178,
        0.008145999420111748
      ]
    },
    {
      "file_path": "images/0008",
      "transform_matrix": [
        [
          0.9999993698396387,
          0.0011104020451471743,
          -0.00016531068960468908,
          -0.00016531068960468076
        ],
        [
          -0.0011102177938848567,
          0.99999876707337,
          0.0011105260872799215,
          0.0011105260872801281
        ],
        [
          0.0001665436162272425,
          -0.0011103418566012822,
          0.9999993697018942,
          0.9999993697018945
        ],
        [
          0.0,
          0.0,
          0.0,
          1.0
        ]
      ],
      "ft": [
        0.060475423309479484,
        0.20568728826773647,
        59.07006230717658,
        0.023866709250827796,
        0.002726323178532329,
        0.00917799255397662
      ]
    },
    {
      "file_path": "images/0009",
      "transform_matrix": [
        [
          0.9999987601592448,
          0.0015576379334429086,
          -0.000231179673338423,
          -0.00023117967333852185
        ],
        [
          -0.0015572759509033802,
          0.9999975740530931,
          0.0015578124217926965,
          0.0015578124217927591
        ],
        [
          0.00023360562023018236,
          -0.0015574504798077395,
          0.9999987598874396,
          0.9999987598874398
        ],
        [
          0.0,
          0.0,
          0.0,
          1.0
        ]
      ],
      "ft": [
        0.06437334487759434,
        0.24751572387525783,
        59.0930673514264,
        0.026494872755711964,
        0.003014258264425266,
        0.010188457919541137
      ]
    },
    {
      "file_path": "images/0010",
      "transform_matrix": [
        [
          0.9999975583646599,
          0.0021860711861195416,
          -0.0003230440958058398,
          -0.0003230440958059688
        ],
        [
          -0.0021853598003866736,
          0.9999952220991508,
          0.0021863168600844505,
          0.002186316860084414
        ],
        [
          0.0003278219966247381,
          -0.0021856055543152137,
          0.9999975578275677,
          0.9999975578275675
        ],
        [
          0.0,
          0.0,
          0.0,
          1.0
        ]
      ],
      "ft": [
        0.06754334027057418,
        0.30158764008619265,
        59.11828641981381,
        0.02938566278440048,
        0.003323994556086866,
        0.011299802039561106
      ]
    },
    {
      "file_path": "images/0011",
      "transform_matrix": [
        [
          0.9999958003954644,
          0.002867289625695213,
          -0.00042171274172187877,
          -0.0004217127417218691
        ],
        [
          -0.002866068787486977,
          0.9999917811895093,
          0.002867612794248189,
          0.0028676127942484086
        ],
        [
          0.00042993155216023175,
          -0.002866392093682158,
          0.9999957994687904,
          0.9999957994687905
        ],
        [
          0.0,
          0.0,
          0.0,
          1.0
        ]
      ],
      "ft": [
        0.06921560757190404,
        0.3565578312225218,
        59.14009911682757,
        0.03189741404607135,
        0.003585595172581933,
        0.012265338616344039
      ]
    },
    {
      "file_path": "images/0012",
      "transform_matrix": [
        [
          0.9999931054769909,
          0.0036742662399679537,
          -0.0005373695951278356,
          -0.0005373695951278457
        ],
        [
          -0.0036722673139339035,
          0.9999865054929721,
          0.0036746815820019167,
          0.003674681582001904
        ],
        [
          0.0005508641020694392,
          -0.0036726828820255087,
          0.9999931039508169,
          0.9999931039508168
        ],
        [
          0.0,
          0.0,
          0.0,
          1.0
        ]
      ],
      "ft": [
        0.06975880817770237,
        0.4186467823052643,
        59.16132338879349,
        0.03435542307844516,
        0.003833177692538525,
        0.013210135310234853
      ]
    },
    {
      "file_path": "images/0013",
      "transform_matrix": [
        [
          0.9999885073752224,
          0.004744553850051073,
          -0.0006887134663753078,
          -0.0006887134663753347
        ],
        [
          -0.004741233588271389,
          0.9999775021500603,
          0.004745091968285909,
          0.004745091968285875
        ],
        [
          0.0007112113161700671,
          -0.004741772083304909,
          0.9999885048219175,
          0.9999885048219175
        ],
        [
          0.0,
          0.0,
          0.0,
          1.0
        ]
      ],
      "ft": [
        0.06897423750383405,
        0.4977303504215069,
        59.184467338282545,
        0.03705727529565829,
        0.004093564604464426,
        0.014248577107043763
      ]
    },
    {
      "file_path": "images/0014",
      "transform_matrix": [
        [
          0.9999825285026225,
          0.005850859415388377,
          -0.0008426942524224297,
          -0.000842694252422449
        ],
        [
          -0.005845830360334537,
          0.9999657923763356,
          0.005851524977748374,
          0.005851524977748435
        ],
        [
          0.0008769018758650181,
          -0.00584649649519978,
          0.9999825246082212,
          0.999982524608221
        ],
        [
          0.0,
          0.0,
          0.0,
          1.0
        ]
      ],
      "ft": [
        0.06700969170662952,
        0.5768653330695549,
        59.20435483420179,
        0.03940329042351532,
        0.004307610062906018,
        0.015150207996698393
      ]
    },
    {
      "file_path": "images/0015",
      "transform_matrix": [
        [
          0.9999741889391559,
          0.0071127114109553816,
          -0.0010152792037904509,
          -0.00101527920379052
        ],
        [
          -0.007105313081915773,
          0.9999494548815667,
          0.007113522901159711,
          0.007113522901159852
        ],
        [
          0.0010658243218940237,
          -0.007106125416978804,
          0.999974183166782,
          0.9999741831667817
        ],
        [
          0.0,
          0.0,
          0.0,
          1.0
        ]
      ],
      "ft": [
        0.06384268073109164,
        0.6649006717135845,
        59.223559863791714,
        0.041697621524593026,
        0.004504025396296261,
        0.016031971379849422
      ]
    },
    {
      "file_path": "images/0016",
      "transform_matrix": [
        [
          0.9999611378362752,
          0.008729591928764881,
          -0.0012316825644403413,
          -0.001231682564440284
        ],
        [
          -0.008718512929132371,
          0.9999238792580667,
          0.008730591148614379,
          0.008730591148614408
        ],
        [
          0.0013078033058739995,
          -0.008719513418589083,
          0.9999611291126553,
          0.9999611291126551
        ],
        [
          0.0,
          0.0,
          0.0,
          1.0
        ]
      ],
      "ft": [
        0.05885140266081851,
        0.7752599223039716,
        59.244295170648236,
        0.04421774656307499,
        0.004702394375550714,
        0.017000579207051378
      ]
    },
    {
      "file_path": "images/0017",
      "transform_matrix": [
        [
          0.9999453738051688,
          0.010352088565792002,
          -0.0014434915892447098,
          -0.0014434915892447275
        ],
        [
          -0.01033660042956239,
          0.9998929764477565,
          0.010353276872877787,
          0.010353276872877792
        ],
        [
          0.0015505151407813915,
          -0.010337790516976727,
          0.9999453615023303,
          0.9999453615023302
        ],
        [
          0.0,
          0.0,
          0.0,
          1.0
        ]
      ],
      "ft": [
        0.05317268030885486,
        0.8840114401773012,
        59.261895413394,
        0.04640430201172805,
        0.004857255849474032,
        0.017841127562624993
      ]
    },
    {
      "file_path": "images/0018",
      "transform_matrix": [
        [
          0.9999246884197948,
          0.012158070736900499,
          -0.0016729628008390952,
          -0.0016729628008389508
        ],
        [
          -0.012136848045836108,
          0.9998524112107094,
          0.012159470204036993,
          0.01215947020403707
        ],
        [
          0.001820551589148707,
          -0.012138249959821346,
          0.9999246714027135,
          0.9999246714027135
        ],
        [
          0.0,
          0.0,
          0.0,
          1.0
        ]
      ],
      "ft": [
        0.0463713057800136,
        1.003336690409268,
        59.278649996515654,
        0.048541041311277754,
        0.004990600341875404,
        0.018662775591991636
      ]
    },
    {
      "file_path": "images/0019",
      "transform_matrix": [
        [
          0.99989412623379,
          0.014419775010502746,
          -0.0019510027710163325,
          -0.0019510027710163413
        ],
        [
          -0.014390169473290417,
          0.99979245101069,
          0.014421439753620814,
          0.014421439753620646
        ],
        [
          0.0021585517589377988,
          -0.01439183764096214,
          0.9998941022246409,
          0.999894102224641
        ],
        [
          0.0,
          0.0,
          0.0,
          1.0
        ]
      ],
      "ft": [
        0.03746044604525127,
        1.1508547966301277,
        59.29639973626162,
        0.050885977148844734,
        0.0051133138218921815,
        0.019564952598560545
      ]
    },
    {
      "file_path": "images/0020",
      "transform_matrix": [
        [
          0.9998590294583753,
          0.016643859465765326,
          -0.0022143063562596807,
          -0.002214306356259632
        ],
        [
          -0.016604740380477837,
          0.9997235619972955,
          0.016645785783097916,
          0.016645785783097944
        ],
        [
          0.0024907443571042963,
          -0.016606671235491775,
          0.999858997390644,
          0.9998589973906438
        ],
        [
          0.0,
          0.0,
          0.0,
          1.0
        ]
      ],
      "ft": [
        0.02851919927381938,
        1.2943388169197378,
        59.3111099405359,
        0.05291853473785555,
        0.0051967214561719445,
        0.020347558081084245
      ]
    },
    {
      "file_path": "images/0021",
      "transform_matrix": [
        [
          0.9998149035797883,
          0.019077571406253574,
          -0.002490953427445769,
          -0.0024909534274457634
        ],
        [
          -0.019026639410134487,
          0.9996369084892669,
          0.01907978455794728,
          0.01907978455794712
        ],
        [
          0.0028540449357228053,
          -0.019028858485475746,
          0.999814861347962,
          0.9998148613479623
        ],
        [
          0.0,
          0.0,
          0.0,
          1.0
        ]
      ],
      "ft": [
        0.018736407411964084,
        1.4499631007471487,
        59.32471861654445,
        0.05490274194575412,
        0.005254651150844999,
        0.0211123465521818
      ]
    },
    {
      "file_path": "images/0022",
      "transform_matrix": [
        [
          0.999752331399769,
          0.02207600003668064,
          -0.002815330017460131,
          -0.002815330017460038
        ],
        [
          -0.02200856263665203,
          0.9995139619045216,
          0.022078567177141278,
          0.022078567177141073
        ],
        [
          0.003301368109632728,
          -0.022011137642281287,
          0.9997522747102393,
          0.999752274710239
        ],
        [
          0.0,
          0.0,
          0.0,
          1.0
        ]
      ],
      "ft": [
        0.0069011317105584224,
        1.6401468938842427,
        59.33857992060048,
        0.05707761056429922,
        0.005287808625388741,
        0.021951905452967484
      ]
    },
    {
      "file_path": "images/0023",
      "transform_matrix": [
        [
          0.9996830703299421,
          0.024981438695303265,
          -0.0031123329535168573,
          -0.003112332953516761
        ],
        [
          -0.024896025708360022,
          0.9993777915276961,
          0.0249843492041305,
          0.024984349204130396
        ],
        [
          0.0037345414215695823,
          -0.02489894620135688,
          0.9996829975939537,
          0.9996829975939541
        ],
        [
          0.0,
          0.0,
          0.0,
          1.0
        ]
      ],
      "ft": [
        -0.0041683917412884686,
        1.8231428619980723,
        59.34948175440184,
        0.05896013515276136,
        0.005287459079872558,
        0.02268010134109873
      ]
    },
    {
      "file_path": "images/0024",
      "transform_matrix": [
        [
          0.9995987013399553,
          0.028120811682014288,
          -0.003414122115632154,
          -0.003414122115632079
        ],
        [
          -0.028013870221192234,
          0.9992118186102436,
          0.028124093315888544,
          0.02812409331588861
        ],
        [
          0.004202303499981753,
          -0.028017164381059268,
          0.9995986090153085,
          0.9995986090153083
        ],
        [
          0.0,
          0.0,
          0.0,
          1.0
        ]
      ],
      "ft": [
        -0.015546275235100188,
        2.0197348581133983,
        59.35890900960786,
        0.060795144235340735,
        0.005257779373534131,
        0.023391710401018413
      ]
    },
    {
      "file_path": "images/0025",
      "transform_matrix": [
        [
          0.9994826911899094,
          0.03194139549741942,
          -0.003754632532562844,
          -0.003754632532562807
        ],
        [
          -0.0318054363191822,
          0.9989834447988432,
          0.03194512855481539,
          0.03194512855481535
        ],
        [
          0.004771187726718698,
          -0.031809185332458134,
          0.9994825718821526,
          0.9994825718821526
        ],
        [
          0.0,
          0.0,
          0.0,
          1.0
        ]
      ],
      "ft": [
        -0.028424485265707372,
        2.257700681070287,
        59.36756705469703,
        0.06280284888315868,
        0.005187860622825366,
        0.024172981212827856
      ]
    },
    {
      "file_path": "images/0026",
      "transform_matrix": [
        [
          0.9993578251011821,
          0.0356020735636653,
          -0.00405336489875322,
          -0.004053364898753298
        ],
        [
          -0.03543555532527783,
          0.9987374615966829,
          0.03560623852927163,
          0.035606238529271694
        ],
        [
          0.005315903293350429,
          -0.035439739860523504,
          0.9993576767157963,
          0.9993576767157966
        ],
        [
          0.0,
          0.0,
          0.0,
          1.0
        ]
      ],
      "ft": [
        -0.039645473262251235,
        2.484631473340477,
        59.37334990617698,
        0.06453708471727564,
        0.00509197206284672,
        0.02485079860187985
      ]
    },
    {
      "file_path": "images/0027",
      "transform_matrix": [
        [
          0.9992093806190891,
          0.03951898499073609,
          -0.004343214030888702,
          -0.004343214030888776
        ],
        [
          -0.039316951155462875,
          0.9984448214717201,
          0.039523611021055935,
          0.03952361102105595
        ],
        [
          0.005898392548404941,
          -0.03932160095426894,
          0.9992091976476889,
          0.9992091976476886
        ],
        [
          0.0,
          0.0,
          0.0,
          1.0
        ]
      ],
      "ft": [
        -0.050338013763819134,
        2.7264914262929723,
        59.37714352603821,
        0.06622377482718665,
        0.0049631779996809865,
        0.02551344403834669
      ]
    },
    {
      "file_path": "images/0028",
      "transform_matrix": [
        [
          0.9990100990013581,
          0.04424007134787003,
          -0.0046516857624506235,
          -0.004651685762450564
        ],
        [
          -0.04399160853903214,
          0.9980516500334548,
          0.04424525108581954,
          0.04424525108581956
        ],
        [
          0.0066000357154920525,
          -0.043996817528476194,
          0.9990098696088646,
          0.9990098696088647
        ],
        [
          0.0,
          0.0,
          0.0,
          1.0
        ]
      ],
      "ft": [
        -0.061310428584295334,
        3.016923034137561,
        59.378785815213234,
        0.06806417847325244,
        0.004777634657644301,
        0.026241406643096748
      ]
    },
    {
      "file_path": "images/0029",
      "transform_matrix": [
        [
          0.998800280687988,
          0.04872327031852693,
          -0.0049032873732612735,
          -0.004903287373261289
        ],
        [
          -0.04842732130726072,
          0.9976373497986323,
          0.048728973288642806,
          0.048728973288642674
        ],
        [
          0.007265937558248295,
          -0.048433059125247126,
          0.99880000247055,
          0.9988000024705502
        ],
        [
          0.0,
          0.0,
          0.0,
          1.0
        ]
      ],
      "ft": [
        -0.06970331009367417,
        3.2918070972839395,
        59.37767140741088,
        0.06964892247075241,
        0.0045754592891094955,
        0.026873497744973742
      ]
    },
    {
      "file_path": "images/0030",
      "transform_matrix": [
        [
          0.9985556207388988,
          0.05348263831501698,
          -0.005126371974210996,
          -0.005126371974210953
        ],
        [
          -0.0531329595902559,
          0.9971538631941863,
          0.05348889344612411,
          0.053488893446124175
        ],
        [
          0.007972508760304437,
          -0.05313925588278089,
          0.9985552856944335,
          0.9985552856944334
        ],
        [
          0.0,
          0.0,
          0.0,
          1.0
        ]
      ],
      "ft": [
        -0.07637708585302794,
        3.5828081734192,
        59.373888183273166,
        0.07118499917293651,
        0.004337236645507057,
        0.02749205832389232
      ]
    },
    {
      "file_path": "images/0031",
      "transform_matrix": [
        [
          0.9982334205567195,
          0.05917423445359788,
          -0.005333672324271831,
          -0.005333672324271843
        ],
        [
          -0.05875625052003259,
          0.9965165804633455,
          0.0591811446870394,
          0.05918114468703939
        ],
        [
          0.008817091836838516,
          -0.05876320990612878,
          0.9982330109012972,
          0.9982330109012975
        ],
        [
          0.0,
          0.0,
          0.0,
          1.0
        ]
      ],
      "ft": [
        -0.08125147042915548,
        3.9298767185504255,
        59.366122661006706,
        0.07285413102773962,
        0.004025043474896574,
        0.028172489104253202
      ]
    },
    {
      "file_path": "images/0032",
      "transform_matrix": [
        [
          0.9979001763724551,
          0.06453928615216635,
          -0.005469784163229649,
          -0.00546978416322963
        ],
        [
          -0.06405333426744812,
          0.9958568571586572,
          0.06454680797146113,
          0.06454680797146128
        ],
        [
          0.009612926976009132,
          -0.06406091314562189,
          0.9978996898696297,
          0.9978996898696297
        ],
        [
          0.0,
          0.0,
          0.0,
          1.0
        ]
      ],
      "ft": [
        -0.08268030220750333,
        4.256243445918869,
        59.35579411502506,
        0.07428454604903852,
        0.003707347560487878,
        0.02876425919596581
      ]
    },
    {
      "file_path": "images/0033",
      "transform_matrix": [
        [
          0.9975176683314984,
          0.07019749200213155,
          -0.005550989380442432,
          -0.005550989380442406
        ],
        [
          -0.0696366005432281,
          0.9950989449882068,
          0.07020565182477051,
          0.07020565182477045
        ],
        [
          0.010452044358592762,
          -0.0696448260818325,
          0.9975170940734588,
          0.9975170940734586
        ],
        [
          0.0,
          0.0,
          0.0,
          1.0
        ]
      ],
      "ft": [
        -0.08079903045059794,
        4.59973345566196,
        59.341930968955445,
        0.07566387699142202,
        0.0033510443784234628,
        0.029344408686538113
      ]
    },
    {
      "file_path": "images/0034",
      "transform_matrix": [
        [
          0.9970218034968028,
          0.07691919449201157,
          -0.0055642493368564545,
          -0.005564249336856397
        ],
        [
          -0.07626565007390468,
          0.9941154951816562,
          0.07692810187789136,
          0.07692810187789134
        ],
        [
          0.011448754115070061,
          -0.07627463378103237,
          0.9970211162612266,
          0.9970211162612266
        ],
        [
          0.0,
          0.0,
          0.0,
          1.0
        ]
      ],
      "ft": [
        -0.07397661017816615,
        5.006969494047496,
        59.32171138267304,
        0.0771532178563311,
        0.0029032206307923495,
        0.029984027273717344
      ]
    },
    {
      "file_path": "images/0035",
      "transform_matrix": [
        [
          0.9965164386683415,
          0.08321536131011799,
          -0.005494643372614317,
          -0.005494643372614405
        ],
        [
          -0.08247220027314182,
          0.993112250751352,
          0.08322495773318588,
          0.08322495773318583
        ],
        [
          0.012382392574639365,
          -0.08248188315994189,
          0.9965156372604081,
          0.9965156372604081
        ],
        [
          0.0,
          0.0,
          0.0,
          1.0
        ]
      ],
      "ft": [
        -0.06301016914992369,
        5.387729001133675,
        59.299249741204434,
        0.07842023188194164,
        0.0024627406321727735,
        0.030541761746561234
      ]
    },
    {
      "file_path": "images/0036",
      "transform_matrix": [
        [
          0.9959439127390981,
          0.08981785205226687,
          -0.0053363030886104884,
          -0.005336303088610439
        ],
        [
          -0.0889785872932984,
          0.9919746533901721,
          0.08982815836216007,
          0.08982815836216007
        ],
        [
          0.013361649644609383,
          -0.08898899080316358,
          0.9959429832247475,
          0.9959429832247472
        ],
        [
          0.0,
          0.0,
          0.0,
          1.0
        ]
      ],
      "ft": [
        -0.04670252967397509,
        5.786383825709085,
        59.27218326910247,
        0.07963228343081871,
        0.0019818171591750085,
        0.03109009092463223
      ]
    },
    {
      "file_path": "images/0037",
      "transform_matrix": [
        [
          0.9952114291802933,
          0.09761580109359304,
          -0.005036527154187148,
          -0.005036527154187009
        ],
        [
          -0.09666136021821438,
          0.9905178264028353,
          0.09762692773496334,
          0.09762692773496329
        ],
        [
          0.014518700688539072,
          -0.09667259671209436,
          0.9952103377554203,
          0.9952103377554207
        ],
        [
          0.0,
          0.0,
          0.0,
          1.0
        ]
      ],
      "ft": [
        -0.021038726942351704,
        6.256491905175423,
        59.235745148054775,
        0.080928182764182,
        0.0013919259771171398,
        0.03169668901262993
      ]
    },
    {
      "file_path": "images/0038",
      "transform_matrix": [
        [
          0.9944741062865394,
          0.10487924492294279,
          -0.0046471399787702625,
          -0.00464713997877042
        ],
        [
          -0.10381705392826043,
          0.9890499850626118,
          0.10489111669395179,
          0.10489111669395168
        ],
        [
          0.015597154844572537,
          -0.10382904714982666,
          0.9944728541939762,
          0.9944728541939765
        ],
        [
          0.0,
          0.0,
          0.0,
          1.0
        ]
      ],
      "ft": [
        0.009163558819559547,
        6.693751177668086,
        59.19757636002606,
        0.08201802134509019,
        0.0008238068547778343,
        0.032227658054368724
      ]
    },
    {
      "file_path": "images/0039",
      "transform_matrix": [
        [
          0.9936479996860486,
          0.11245718561212371,
          -0.004127241707832619,
          -0.0041272417078326296
        ],
        [
          -0.11128335084245071,
          0.9874039481356078,
          0.11246981386794289,
          0.11246981386794297
        ],
        [
          0.016723293491132135,
          -0.11129611228795933,
          0.9936465703882822,
          0.9936465703882822
        ],
        [
          0.0,
          0.0,
          0.0,
          1.0
        ]
      ],
      "ft": [
        0.0472074884002803,
        7.149372308695589,
        59.153513805254775,
        0.08304744376388853,
        0.00021426879372924172,
        0.032751767787643674
      ]
    },
    {
      "file_path": "images/0040",
      "transform_matrix": [
        [
          0.992602857439846,
          0.12135990770242827,
          -0.003367522043198629,
          -0.0033675220431985675
        ],
        [
          -0.12005764832980467,
          0.9853195724889157,
          0.1213733955518176,
          0.12137339555181759
        ],
        [
          0.018047949461650368,
          -0.1200712824647056,
          0.9926012082641806,
          0.9926012082641803
        ],
        [
          0.0,
          0.0,
          0.0,
          1.0
        ]
      ],
      "ft": [
        0.10050525848413946,
        7.683980239026053,
        59.09632446723496,
        0.08413072210071501,
        -0.0005211013524292788,
        0.033334296955651155
      ]
    },
    {
      "file_path": "images/0041",
      "transform_matrix": [
        [
          0.9915618972269569,
          0.1296096373288196,
          -0.002519102850191683,
          -0.0025191028501916346
        ],
        [
          -0.128192769305813,
          0.9832417101484139,
          0.12962389178746828,
          0.12962389178746836
        ],
        [
          0.01927739259818613,
          -0.12820718129619155,
          0.9915600338853423,
          0.9915600338853424
        ],
        [
          0.0,
          0.0,
          0.0,
          1.0
        ]
      ],
      "ft": [
        0.158269768302457,
        8.178799314717562,
        59.03817989084547,
        0.08502462173103126,
        -0.0012188836399848416,
        0.033846815700305996
      ]
    },
    {
      "file_path": "images/0042",
      "transform_matrix": [
        [
          0.990406636880892,
          0.13817551508829115,
          -0.0014901853465070398,
          -0.0014901853465070225
        ],
        [
          -0.1366460071647276,
          0.9809338638625366,
          0.13819053315496205,
          0.1381905331549621
        ],
        [
          0.02055632136883294,
          -0.13666119331324778,
          0.9904045415354178,
          0.9904045415354177
        ],
        [
          0.0,
          0.0,
          0.0,
          1.0
        ]
      ],
      "ft": [
        0.22685973877294627,
        8.69204992731052,
        58.97262463505126,
        0.08585103040318212,
        -0.0019580680860689648,
        0.034355357329989594
      ]
    },
    {
      "file_path": "images/0043",
      "transform_matrix": [
        [
          0.9889591201600147,
          0.14818856118488544,
          -9.479600650457581e-05,
          -9.479600650474929e-05
        ],
        [
          -0.14653818400040403,
          0.9780398807296227,
          0.1482044275055547,
          0.14820442750555474
        ],
        [
          0.022054915148173194,
          -0.1465542289950684,
          0.9889567425734394,
          0.9889567425734396
        ],
        [
          0.0,
          0.0,
          0.0,
          1.0
        ]
      ],
      "ft": [
        0.31828057752560734,
        9.291387511151067,
        58.88935073365041,
        0.08669682023578222,
        -0.0028388413987419673,
        0.03492394714397042
      ]
    },
    {
      "file_path": "images/0044",
      "transform_matrix": [
        [
          0.987530576104171,
          0.15742129324962004,
          0.001377567051380358,
          0.0013775670513804794
        ],
        [
          -0.15567239602774105,
          0.9751817337064193,
          0.15743789683657683,
          0.15743789683657683
        ],
        [
          0.023440699101052256,
          -0.15568918612723104,
          0.9875279291993184,
          0.9875279291993184
        ],
        [
          0.0,
          0.0,
          0.0,
          1.0
        ]
      ],
      "ft": [
        0.41344246227225256,
        9.84347213377178,
        58.80624431928096,
        0.08737096941402228,
        -0.0036650764279819933,
        0.03542736399697502
      ]
    },
    {
      "file_path": "images/0045",
      "transform_matrix": [
        [
          0.98595825210617,
          0.16696342718379353,
          0.003088541207166621,
          0.0030885412071666174
        ],
        [
          -0.16512853954859114,
          0.9720339481065365,
          0.16698074486289852,
          0.1669807448628985
        ],
        [
          0.024877510532520256,
          -0.16514604963928478,
          0.9859553193518675,
          0.9859553193518678
        ],
        [
          0.0,
          0.0,
          0.0,
          1.0
        ]
      ],
      "ft": [
        0.5228900021875458,
        10.41354928711069,
        58.71397909064626,
        0.08796896831299296,
        -0.004531580869946651,
        0.0359299980966747
      ]
    },
    {
      "file_path": "images/0046",
      "transform_matrix": [
        [
          0.9840047271680723,
          0.1780627803371197,
          0.005323830341231963,
          0.005323830341231961
        ],
        [
          -0.17615193520558375,
          0.968120706131721,
          0.17808086388589212,
          0.17808086388589206
        ],
        [
          0.026555463359079157,
          -0.1761702148992061,
          0.9840014546473761,
          0.9840014546473759
        ],
        [
          0.0,
          0.0,
          0.0,
          1.0
        ]
      ],
      "ft": [
        0.6645940142520133,
        11.076055364479789,
        58.598475350430924,
        0.08854684454166216,
        -0.005553759876175038,
        0.036495870082847
      ]
    },
    {
      "file_path": "images/0047",
      "transform_matrix": [
        [
          0.9820922878916819,
          0.1882467163265733,
          0.00760998396483316,
          0.007609983964833145
        ],
        [
          -0.18629280196331444,
          0.9642878806986109,
          0.18826543781172253,
          0.18826543781172267
        ],
        [
          0.028102135156242075,
          -0.18631171978714836,
          0.9820886991863903,
          0.9820886991863902
        ],
        [
          0.0,
          0.0,
          0.0,
          1.0
        ]
      ],
      "ft": [
        0.808447472780881,
        11.68338664251919,
        58.484700786602986,
        0.08897259698607013,
        -0.006503627863358656,
        0.037000451076236666
      ]
    },
    {
      "file_path": "images/0048",
      "transform_matrix": [
        [
          0.9800026726838649,
          0.1987227026075104,
          0.01020044120854499,
          0.010200441208545019
        ],
        [
          -0.1967551902228356,
          0.960098436518537,
          0.19874201195277563,
          0.19874201195277574
        ],
        [
          0.02970112208078641,
          -0.19677469263863284,
          0.9799987569809026,
          0.9799987569809024
        ],
        [
          0.0,
          0.0,
          0.0,
          1.0
        ]
      ],
      "ft": [
        0.9704883303322032,
        12.307631766591308,
        58.35979190507586,
        0.08931208774994513,
        -0.007491405113776079,
        0.03750769111400739
      ]
    },
    {
      "file_path": "images/0049",
      "transform_matrix": [
        [
          0.9774257562848919,
          0.2108470235960472,
          0.013506427788105853,
          0.013506427788105846
        ],
        [
          -0.20890828229841799,
          0.9549306105172731,
          0.21086692174030708,
          0.2108669217403072
        ],
        [
          0.03156296149020098,
          -0.20892836508668755,
          0.9774214637116233,
          0.9774214637116235
        ],
        [
          0.0,
          0.0,
          0.0,
          1.0
        ]
      ],
      "ft": [
        1.1761831365373965,
        13.029494149268576,
        58.20511481792169,
        0.0895865348917001,
        -0.008646679808872099,
        0.03808292958328792
      ]
    },
    {
      "file_path": "images/0050",
      "transform_matrix": [
        [
          0.9749210324021017,
          0.22191463856630644,
          0.016818851625681808,
          0.016818851625681974
        ],
        [
          -0.22004954655964903,
          0.9499068692211846,
