{
  "date_time": "05/04/2024_18:03:46",
  "camera_angle_x": 0.7853981633974483,
  "aabb_scale": 0.3,
  "gt_mass_distr_file_path": null,
  "frames": [
    {
      "file_path": "/home/atsushi/workspace/rigid_body_manip_se3/datasets/uniform123_128/images/0000.png",
      "transform_matrix": [
        [
          1.0,
          0.0,
          0.0,
          0.0
        ],
        [
          0.0,
          1.0,
          0.0,
          0.0
        ],
        [
          0.0,
          0.0,
          1.0,
          0.9999999999999998
        ],
        [
          0.0,
          0.0,
          0.0,
          1.0
        ]
      ],
      "pose_sen_obj": [
        [
          1.0,
          0.0,
          0.0,
          0.0
        ],
        [
          0.0,
          1.0,
          0.0,
          0.0
        ],
        [
          0.0,
          0.0,
          1.0,
          0.0
        ],
        [
          0.0,
          0.0,
          0.0,
          1.0
        ]
      ],
      "twist_sen_obj": [
        0.0,
        0.0,
        0.0,
        0.0,
        0.0,
        0.0
      ],
      "dtwist_sen_obj": [
        0.0,
        0.0,
        9.81,
        0.0,
        0.0,
        0.0
      ],
      "linacc_sen_obj": [
        0.0,
        0.0,
        9.81
      ],
      "ft_sen": [
        0.0,
        0.0,
        480.6900000000001,
        0.0,
        0.0,
        0.0
      ]
    },
    {
      "file_path": "/home/atsushi/workspace/rigid_body_manip_se3/datasets/uniform123_128/images/0001.png",
      "transform_matrix": [
        [
          0.9999999997142038,
          2.344351215944165e-05,
          -4.68979404917229e-06,
          -4.6897940491064105e-06
        ],
        [
          -2.34434388301473e-05,
          0.9999999996029701,
          1.563537457108338e-05,
          1.5635374571054683e-05
        ],
        [
          4.690160595404176e-06,
          -1.563526462171493e-05,
          0.9999999998667705,
          0.9999999998667701
        ],
        [
          0.0,
          0.0,
          0.0,
          1.0
        ]
      ],
      "pose_sen_obj": [
        [
          1.0,
          1.1870946518930927e-21,
          0.0,
          0.0
        ],
        [
          1.1870946518930927e-21,
          1.0,
          0.0,
          0.0
        ],
        [
          0.0,
          0.0,
          1.0,
          0.0
        ],
        [
          0.0,
          0.0,
          0.0,
          1.0
        ]
      ],
      "twist_sen_obj": [
        0.00021231236451340162,
        0.0004246111770420313,
        0.0006368968556908026,
        0.0033336072948895366,
        0.0009998693556601858,
        0.0049983597844443384
      ],
      "dtwist_sen_obj": [
        0.023359491858886403,
        0.04706561378266753,
        9.880265241891507,
        0.3677894327664359,
        0.1102948153760146,
        0.5514525936955524
      ],
      "linacc_sen_obj": [
        0.023358006313103773,
        0.04706455183224783,
        9.880266445093797
      ],
      "ft_sen": [
        1.145487427128759,
        2.30294667198743,
        484.13306888476626,
        0.7649968946909492,
        0.17650211171444827,
        0.44116498219477357
      ]
    },
    {
      "file_path": "/home/atsushi/workspace/rigid_body_manip_se3/datasets/uniform123_128/images/0002.png",
      "transform_matrix": [
        [
          0.999999981718942,
          0.0001875014603987906,
          -3.748756469327018e-05,
          -3.748756469335035e-05
        ],
        [
          -0.00018749677102885683,
          0.9999999746030093,
          0.0001250557521834045,
          0.00012505575218335618
        ],
        [
          3.751101187736451e-05,
          -0.00012504872109991939,
          0.9999999914778706,
          0.9999999914778708
        ],
        [
          0.0,
          0.0,
          0.0,
          1.0
        ]
      ],
      "pose_sen_obj": [
        [
          0.9999999999999996,
          2.25530794012583e-20,
          -6.776263578034403e-21,
          0.0
        ],
        [
          2.25530794012583e-20,
          0.9999999999999994,
          0.0,
          0.0
        ],
        [
          -6.776263578034403e-21,
          0.0,
          0.9999999999999999,
          0.0
        ],
        [
          0.0,
          0.0,
          0.0,
          1.0
        ]
      ],
      "twist_sen_obj": [
        0.0007893891580275555,
        0.0015784563341999353,
        0.0023672128933058113,
        0.012391941827051271,
        0.0037141651414133742,
        0.01857960051204288
      ],
      "dtwist_sen_obj": [
        0.04530603745518171,
        0.09291812074512337,
        9.947106201550275,
        0.7178846006836171,
        0.2149134250345419,
        1.076282093950545
      ],
      "linacc_sen_obj": [
        0.04528550258667719,
        0.09290345291586197,
        9.94712282976765
      ],
      "ft_sen": [
        2.2224415513484246,
        4.54027189035278,
        487.4091148349964,
        1.493116043642839,
        0.34421708895186726,
        0.8610068545145287
      ]
    },
    {
      "file_path": "/home/atsushi/workspace/rigid_body_manip_se3/datasets/uniform123_128/images/0003.png",
      "transform_matrix": [
        [
          0.9999997958895467,
          0.0006265592098018824,
          -0.0001250776623942637,
          -0.00012507766239444607
        ],
        [
          -0.0006265068873526689,
          0.9999997164153333,
          0.00041792149159931244,
          0.0004179214915993601
        ],
        [
          0.0001253394794836922,
          -0.0004178430442802233,
          0.999999904848598,
          0.9999999048485979
        ],
        [
          0.0,
          0.0,
          0.0,
          1.0
        ]
      ],
      "pose_sen_obj": [
        [
          1.0,
          1.1298625422984316e-19,
          0.0,
          0.0
        ],
        [
          1.1298625422984316e-19,
          0.9999999999999999,
          0.0,
          0.0
        ],
        [
          0.0,
          0.0,
          0.9999999999999999,
          0.0
        ],
        [
          0.0,
          0.0,
          0.0,
          1.0
        ]
      ],
      "twist_sen_obj": [
        0.0017142442541679523,
        0.0034263000670319206,
        0.005136249729484353,
        0.02689622288147584,
        0.008047156224973961,
        0.04032280567241431
      ],
      "dtwist_sen_obj": [
        0.06566446576268671,
        0.1385155744846611,
        10.01052386384301,
        1.0507990346355434,
        0.31319981245540984,
        1.5750719808428677
      ],
      "linacc_sen_obj": [
        0.06556763993489205,
        0.13844655190509783,
        10.010602223581952
      ],
      "ft_sen": [
        3.2201639636296857,
        6.75775450346967,
        490.51982139581276,
        2.185297967192134,
        0.5026986360816026,
        1.2599454151025795
      ]
    },
    {
      "file_path": "/home/atsushi/workspace/rigid_body_manip_se3/datasets/uniform123_128/images/0004.png",
      "transform_matrix": [
        [
          0.9999986559200054,
          0.0016080471420399894,
          -0.00031991025624670573,
          -0.00031991025624655833
        ],
        [
          -0.0016077031109634485,
          0.9999981322313305,
          0.001072764912526474,
          0.0010727649125263916
        ],
        [
          0.00032163471528002104,
          -0.0010722491499304192,
          0.9999993734162389,
          0.9999993734162391
        ],
        [
          0.0,
          0.0,
          0.0,
          1.0
        ]
      ],
      "pose_sen_obj": [
        [
          1.0000000000000004,
          -2.0625252265642213e-19,
          5.421010862427522e-20,
          0.0
        ],
        [
          -2.0625252265642213e-19,
          1.0000000000000002,
          -2.168404344971009e-19,
          0.0
        ],
        [
          5.421010862427522e-20,
          -2.168404344971009e-19,
          1.0,
          0.0
        ],
        [
          0.0,
          0.0,
          0.0,
          1.0
        ]
      ],
      "twist_sen_obj": [
        0.0031513867447982512,
        0.006292791417035705,
        0.00942463050006837,
        0.04938783419292277,
        0.014719644223512037,
        0.07402876473259261
      ],
      "dtwist_sen_obj": [
        0.0865189612767032,
        0.1906763827832475,
        10.077740719053976,
        1.4055676130179584,
        0.4149124546271918,
        2.1059061362911415
      ],
      "linacc_sen_obj": [
        0.08619184090927924,
        0.19044421396269265,
        10.078005119101396
      ],
      "ft_sen": [
        4.236563541862464,
        9.283616172181661,
        493.82304563054623,
        2.922440720945667,
        0.6690056514958375,
        1.6843375720650018
      ]
    },
    {
      "file_path": "/home/atsushi/workspace/rigid_body_manip_se3/datasets/uniform123_128/images/0005.png",
      "transform_matrix": [
        [
          0.999995173603117,
          0.003047756945092117,
          -0.0006032810917273943,
          -0.000603281091727359
        ],
        [
          -0.0030465242951385994,
          0.9999932913057548,
          0.0020337239741561965,
          0.002033723974156243
        ],
        [
          0.000609475340865641,
          -0.0020318762480944015,
          0.9999977500068293,
          0.9999977500068291
        ],
        [
          0.0,
          0.0,
          0.0,
          1.0
        ]
      ],
      "pose_sen_obj": [
        [
          1.0,
          4.468098796766434e-20,
          1.0842021724855044e-19,
          0.0
        ],
        [
          4.468098796766434e-20,
          1.0,
          -4.336808689942018e-19,
          0.0
        ],
        [
          1.0842021724855044e-19,
          -4.336808689942018e-19,
          0.9999999999999999,
          0.0
        ],
        [
          0.0,
          0.0,
          0.0,
          1.0
        ]
      ],
      "twist_sen_obj": [
        0.004767003853678597,
        0.009505858122076149,
        0.01421789996137966,
        0.07458278415003432,
        0.022105147435880292,
        0.1117654667094382
      ],
      "dtwist_sen_obj": [
        0.10316169607869059,
        0.23882281947841805,
        10.133757707334714,
        1.7041312225228327,
        0.49596585550713496,
        2.5516177261118065
      ],
      "linacc_sen_obj": [
        0.10241355818407795,
        0.23829519532504376,
        10.134361305376181
      ],
      "ft_sen": [
        5.037624912374137,
        11.603517603451262,
        496.58521782115486,
        3.5421199115440585,
        0.8050656842598308,
        2.04041882325012
      ]
    },
    {
      "file_path": "/home/atsushi/workspace/rigid_body_manip_se3/datasets/uniform123_128/images/0006.png",
      "transform_matrix": [
        [
          0.9999862758074501,
          0.005140804222490338,
          -0.001010113207480636,
          -0.0010101132074806785
        ],
        [
          -0.005137310328789813,
          0.9999809159432126,
          0.0034315873817717985,
          0.00343158738177185
        ],
        [
          0.0010277350493248798,
          -0.0034263510209917828,
          0.9999936019192067,
          0.9999936019192068
        ],
        [
          0.0,
          0.0,
          0.0,
          1.0
        ]
      ],
      "pose_sen_obj": [
        [
          0.9999999999999997,
          -4.396100996249819e-19,
          -2.168404344971009e-19,
          0.0
        ],
        [
          -4.396100996249819e-19,
          0.9999999999999994,
          4.336808689942018e-19,
          0.0
        ],
        [
          -2.168404344971009e-19,
          4.336808689942018e-19,
          0.9999999999999996,
          0.0
        ],
        [
          0.0,
          0.0,
          0.0,
          1.0
        ]
      ],
      "twist_sen_obj": [
        0.0066900584422502464,
        0.013314149417059851,
        0.01987594896458312,
        0.10441764036605256,
        0.030699045634783734,
        0.15641759867501162
      ],
      "dtwist_sen_obj": [
        0.11801200696265114,
        0.2895731023772218,
        10.18617805339379,
        1.9876784082637393,
        0.5665733426135946,
        2.973523008872292
      ],
      "linacc_sen_obj": [
        0.1165396123467327,
        0.2885441455628362,
        10.187362907049984
      ],
      "ft_sen": [
        5.736699171484519,
        14.036211586761642,
        499.183372661196,
        4.129720221247366,
        0.9288083710150453,
        2.377129408422518
      ]
    },
    {
      "file_path": "/home/atsushi/workspace/rigid_body_manip_se3/datasets/uniform123_128/images/0007.png",
      "transform_matrix": [
        [
          0.9999632889860878,
          0.008411408500752567,
          -0.0016336729046250438,
          -0.0016336729046251275
        ],
        [
          -0.008402109620359623,
          0.9999489210086671,
          0.0056178223120555044,
          0.005617822312055432
        ],
        [
          0.0016808432566122488,
          -0.005603889777273979,
          0.9999828854462013,
          0.9999828854462016
        ],
        [
          0.0,
          0.0,
          0.0,
          1.0
        ]
      ],
      "pose_sen_obj": [
        [
          0.9999999999999999,
          -2.56650983018053e-18,
          2.168404344971009e-19,
          0.0
        ],
        [
          -2.56650983018053e-18,
          0.9999999999999999,
          8.673617379884035e-19,
          0.0
        ],
        [
          2.168404344971009e-19,
          8.673617379884035e-19,
          0.9999999999999997,
          0.0
        ],
        [
          0.0,
          0.0,
          0.0,
          1.0
        ]
      ],
      "twist_sen_obj": [
        0.009211940438692987,
        0.018276239570175743,
        0.027202984839407633,
        0.14323753243407755,
        0.04158447570272706,
        0.21445219764964563
      ],
      "dtwist_sen_obj": [
        0.13264638120125258,
        0.3508517020808054,
        10.240718307621746,
        2.289671042749367,
        0.6313448313801112,
        3.4207042335167728
      ],
      "linacc_sen_obj": [
        0.12985822332275299,
        0.3489307345292624,
        10.242953077366604
      ],
      "ft_sen": [
        6.397524025612316,
        16.956567572858344,
        501.9090472904073,
        4.754119261900285,
        1.0516513110076962,
        2.7334511844128184
      ]
    },
    {
      "file_path": "/home/atsushi/workspace/rigid_body_manip_se3/datasets/uniform123_128/images/0008.png",
      "transform_matrix": [
        [
          0.9999222588677087,
          0.012246332061653013,
          -0.0023459692952153503,
          -0.0023459692952152444
        ],
        [
          -0.012226757055008917,
          0.9998917565677076,
          0.008184226283616003,
          0.008184226283615925
        ],
        [
          0.0024459421121836543,
          -0.008154906435966681,
          0.9999637567773164,
          0.9999637567773161
        ],
        [
          0.0,
          0.0,
          0.0,
          1.0
        ]
      ],
      "pose_sen_obj": [
        [
          0.9999999999999994,
          -7.148958074826295e-19,
          0.0,
          0.0
        ],
        [
          -7.148958074826295e-19,
          0.9999999999999994,
          0.0,
          0.0
        ],
        [
          0.0,
          0.0,
          0.9999999999999994,
          0.0
        ],
        [
          0.0,
          0.0,
          0.0,
          1.0
        ]
      ],
      "twist_sen_obj": [
        0.011767950786336787,
        0.023262131616712894,
        0.03450520959804588,
        0.18217140947150112,
        0.05210751488246267,
        0.272574000163122
      ],
      "dtwist_sen_obj": [
        0.14395455801796173,
        0.40995940504755574,
        10.285111148601985,
        2.5438178188032086,
        0.6738283221772986,
        3.7946929691047218
      ],
      "linacc_sen_obj": [
        0.13941188647352593,
        0.40688117980052474,
        10.288735645235178
      ],
      "ft_sen": [
        6.872953287091512,
        19.757243427800802,
        504.15456247566755,
        5.278031227318652,
        1.1447540648198236,
        3.030825638938095
      ]
    },
    {
      "file_path": "/home/atsushi/workspace/rigid_body_manip_se3/datasets/uniform123_128/images/0009.png",
      "transform_matrix": [
        [
          0.9998493905385804,
          0.01705546501073786,
          -0.0032105066417860584,
          -0.003210506641786015
        ],
        [
          -0.017017826090561974,
          0.9997901148488291,
          0.011407008622624499,
          0.011407008622624448
        ],
        [
          0.0034043846405545693,
          -0.011350654775506926,
          0.9999297839355452,
          0.9999297839355448
        ],
        [
          0.0,
          0.0,
          0.0,
          1.0
        ]
      ],
      "pose_sen_obj": [
        [
          1.0,
          4.919567357652976e-18,
          8.673617379884035e-19,
          0.0
        ],
        [
          4.919567357652976e-18,
          1.0,
          -1.734723475976807e-18,
          0.0
        ],
        [
          8.673617379884035e-19,
          -1.734723475976807e-18,
          0.9999999999999998,
          0.0
        ],
        [
          0.0,
          0.0,
          0.0,
          1.0
        ]
      ],
      "twist_sen_obj": [
        0.014619648253759741,
        0.028766087540694513,
        0.04248689930341416,
        0.22505433756561563,
        0.06317412959782949,
        0.3364857690039272
      ],
      "dtwist_sen_obj": [
        0.15388105202893793,
        0.4742599824210972,
        10.325489868102741,
        2.78521845549548,
        0.700105780101675,
        4.147419849333429
      ],
      "linacc_sen_obj": [
        0.14688574582437686,
        0.46961742502838355,
        10.331040217325109
      ],
      "ft_sen": [
        7.2460285633893795,
        22.78827846728665,
        506.2303635213611,
        5.773952135576955,
        1.2212343611286218,
        3.310590739002184
      ]
    },
    {
      "file_path": "/home/atsushi/workspace/rigid_body_manip_se3/datasets/uniform123_128/images/0010.png",
      "transform_matrix": [
        [
          0.9997085630685311,
          0.02374405203262431,
          -0.004359922077852905,
          -0.004359922077852962
        ],
        [
          -0.023671985099362147,
          0.9995933742127564,
          0.015897274968115604,
          0.01589727496811555
        ],
        [
          0.00473561494512555,
          -0.015789433904618864,
          0.9998641246329739,
          0.9998641246329738
        ],
        [
          0.0,
          0.0,
          0.0,
          1.0
        ]
      ],
      "pose_sen_obj": [
        [
          1.0,
          -7.318364664277155e-19,
          -8.673617379884035e-19,
          0.0
        ],
        [
          -7.318364664277155e-19,
          1.0,
          0.0,
          0.0
        ],
        [
          -8.673617379884035e-19,
          0.0,
          1.0,
          0.0
        ],
        [
          0.0,
          0.0,
          0.0,
          1.0
        ]
      ],
      "twist_sen_obj": [
        0.018186246359486496,
        0.035552317212067884,
        0.05220039644974098,
        0.2777708341303752,
        0.07592962253902663,
        0.41489321720604483
      ],
      "dtwist_sen_obj": [
        0.1637773308985277,
        0.5537441085767495,
        10.365879833273898,
        3.042267997980129,
        0.707880760753174,
        4.519850846601038
      ],
      "linacc_sen_obj": [
        0.15299047203009938,
        0.5467897111739577,
        10.374374355259684
      ],
      "ft_sen": [
        7.551731306767758,
        26.51656047156652,
        508.35800515915747,
        6.2997494860725425,
        1.2856619652199133,
        3.6050308376105784
      ]
    },
    {
      "file_path": "/home/atsushi/workspace/rigid_body_manip_se3/datasets/uniform123_128/images/0011.png",
      "transform_matrix": [
        [
          0.9995065630400849,
          0.030920971123892534,
          -0.005524851541176762,
          -0.005524851541176767
        ],
        [
          -0.030800349139778804,
          0.9993106598384419,
          0.02072543428074067,
          0.020725434280740807
        ],
        [
          0.006161893594047698,
          -0.020545040229042574,
          0.9997699397307976,
          0.9997699397307974
        ],
        [
          0.0,
          0.0,
          0.0,
          1.0
        ]
      ],
      "pose_sen_obj": [
        [
          0.9999999999999998,
          1.4365678785432934e-18,
          -8.673617379884035e-19,
          0.0
        ],
        [
          1.4365678785432934e-18,
          0.9999999999999998,
          3.469446951953614e-18,
          0.0
        ],
        [
          -8.673617379884035e-19,
          3.469446951953614e-18,
          1.0,
          0.0
        ],
        [
          0.0,
          0.0,
          0.0,
          1.0
        ]
      ],
      "twist_sen_obj": [
        0.02168447295724606,
        0.04209270860921434,
        0.061415634450822494,
        0.32839553837448054,
        0.08719824951755652,
        0.4900193555315235
      ],
      "dtwist_sen_obj": [
        0.17189904988806884,
        0.6315329399753234,
        10.397058033277531,
        3.2583161222330648,
        0.6933043289948749,
        4.830125901073451
      ],
      "linacc_sen_obj": [
        0.15662814375992729,
        0.6219901310987858,
        10.408990242899312
      ],
      "ft_sen": [
        7.734186610238371,
        30.15011365317949,
        510.0590830747492,
        6.7395378281473155,
        1.322233476434549,
        3.8494088484180335
      ]
    },
    {
      "file_path": "/home/atsushi/workspace/rigid_body_manip_se3/datasets/uniform123_128/images/0012.png",
      "transform_matrix": [
        [
          0.9992026980323107,
          0.03934091863909074,
          -0.006801497304534383,
          -0.006801497304534498
        ],
        [
          -0.0391486701847351,
          0.9988845181788281,
          0.026402669664592315,
          0.02640266966459237
        ],
        [
          0.00783261563706394,
          -0.026115349189378897,
          0.9996282502355557,
          0.9996282502355558
        ],
        [
          0.0,
          0.0,
          0.0,
          1.0
        ]
      ],
      "pose_sen_obj": [
        [
          1.0,
          6.261267546103788e-18,
          8.673617379884035e-19,
          0.0
        ],
        [
          6.261267546103788e-18,
          1.0000000000000002,
          0.0,
          0.0
        ],
        [
          8.673617379884035e-19,
          0.0,
          0.9999999999999999,
          0.0
        ],
        [
          0.0,
          0.0,
          0.0,
          1.0
        ]
      ],
      "twist_sen_obj": [
        0.025505031416634162,
        0.04909412195848455,
        0.0711083083430017,
        0.38237191186893477,
        0.09804783147496424,
        0.569938194071026
      ],
      "dtwist_sen_obj": [
        0.17993603951430287,
        0.716721344067433,
        10.423520406959765,
        3.462910215619521,
        0.6565710453022691,
        5.12167891450462
      ],
      "linacc_sen_obj": [
        0.1589274397386659,
        0.704067815801875,
        10.439791907212456
      ],
      "ft_sen": [
        7.848877258325311,
        34.117076541348496,
        511.5745001517751,
        7.153980801115295,
        1.3380234160180504,
        4.0781401868059115
      ]
    },
    {
      "file_path": "/home/atsushi/workspace/rigid_body_manip_se3/datasets/uniform123_128/images/0013.png",
      "transform_matrix": [
        [
          0.998694764315934,
          0.050392260171431,
          -0.008329936539751587,
          -0.008329936539751559
        ],
        [
          -0.050083262584925986,
          0.9981704226207485,
          0.03387438876151497,
          0.03387438876151505
        ],
        [
          0.010021703287906313,
          -0.03341298430149135,
          0.999391383764778,
          0.9993913837647781
        ],
        [
          0.0,
          0.0,
          0.0,
          1.0
        ]
      ],
      "pose_sen_obj": [
        [
          1.0000000000000002,
          1.691355389077387e-17,
          -1.734723475976807e-18,
          0.0
        ],
        [
          1.691355389077387e-17,
          1.0000000000000007,
          0.0,
          0.0
        ],
        [
          -1.734723475976807e-18,
          0.0,
          1.0000000000000002,
          0.0
        ],
        [
          0.0,
          0.0,
          0.0,
          1.0
        ]
      ],
      "twist_sen_obj": [
        0.03021141247389663,
        0.05750244353949292,
        0.08249757612977204,
        0.4468743896036231,
        0.10929189306686743,
        0.6652115813535986
      ],
      "dtwist_sen_obj": [
        0.18970084363473233,
        0.8221391587614648,
        10.447282242495707,
        3.6794103454387006,
        0.5865740493133068,
        5.428258259728045
      ],
      "linacc_sen_obj": [
        0.160465868504781,
        0.8053700862513811,
        10.469676749391638
      ],
      "ft_sen": [
        7.92307055396295,
        39.015187039243514,
        513.0474951238749,
        7.59025316796155,
        1.3295538262268922,
        4.317609727542214
      ]
    },
    {
      "file_path": "/home/atsushi/workspace/rigid_body_manip_se3/datasets/uniform123_128/images/0014.png",
      "transform_matrix": [
        [
          0.9980477014023327,
          0.06169516334108139,
          -0.009720727639309229,
          -0.009720727639309201
        ],
        [
          -0.06124178313648924,
          0.9972582240614886,
          0.04153887985958904,
          0.04153887985958904
        ],
        [
          0.012256823560105847,
          -0.040862468868675034,
          0.9990896000430459,
          0.9990896000430456
        ],
        [
          0.0,
          0.0,
          0.0,
          1.0
        ]
      ],
      "pose_sen_obj": [
        [
          1.0000000000000002,
          5.5294310796760726e-18,
          -1.734723475976807e-18,
          0.0
        ],
        [
          5.5294310796760726e-18,
          1.0000000000000002,
          6.938893903907228e-18,
          0.0
        ],
        [
          -1.734723475976807e-18,
          6.938893903907228e-18,
          1.0000000000000004,
          0.0
        ],
        [
          0.0,
          0.0,
          0.0,
          1.0
        ]
      ],
      "twist_sen_obj": [
        0.034784289011478176,
        0.06543237133571377,
        0.09297389091187995,
        0.507365081516958,
        0.11799126643610977,
        0.7543578261616625
      ],
      "dtwist_sen_obj": [
        0.1999122446590125,
        0.9249313827856125,
        10.462687714428888,
        3.85944505126262,
        0.49706788076164365,
        5.682554972761512
      ],
      "linacc_sen_obj": [
        0.16152293039178622,
        0.9039994776874354,
        10.491781572532936
      ],
      "ft_sen": [
        7.969897802946825,
        43.786353840094684,
        514.140099000207,
        7.951271398531144,
        1.2976445552408347,
        4.5153942150757125
      ]
    },
    {
      "file_path": "/home/atsushi/workspace/rigid_body_manip_se3/datasets/uniform123_128/images/0015.png",
      "transform_matrix": [
        [
          0.997162793298122,
          0.07445509837821593,
          -0.01108160581217676,
          -0.011081605812176765
        ],
        [
          -0.07381073346257552,
          0.9960071168168005,
          0.05021751562951402,
          0.05021751562951393
        ],
        [
          0.014776308321191539,
          -0.049257096704678406,
          0.9986768241711743,
          0.9986768241711739
        ],
        [
          0.0,
          0.0,
          0.0,
          1.0
        ]
      ],
      "pose_sen_obj": [
        [
          0.9999999999999994,
          7.48099499014998e-18,
          -1.734723475976807e-18,
          0.0
        ],
        [
          7.48099499014998e-18,
          0.9999999999999996,
          0.0,
          0.0
        ],
        [
          -1.734723475976807e-18,
          0.0,
          0.9999999999999996,
          0.0
        ],
        [
          0.0,
          0.0,
          0.0,
          1.0
        ]
      ],
      "twist_sen_obj": [
        0.03975482442600548,
        0.07377510008837945,
        0.10370563530267296,
        0.5706268284335743,
        0.1250303879958694,
        0.8474213871715657
      ],
      "dtwist_sen_obj": [
        0.21255787503599996,
        1.036720386103928,
        10.472315153892529,
        4.02726006901698,
        0.38035623051731277,
        5.920438963883635
      ],
      "linacc_sen_obj": [
        0.16300563319963568,
        1.0112322568023224,
        10.509442644150639
      ],
      "ft_sen": [
        8.03306333893287,
        48.976327599257814,
        515.0168906598246,
        8.286521635350523,
        1.2419849433111438,
        4.6997737169816025
      ]
    },
    {
      "file_path": "/home/atsushi/workspace/rigid_body_manip_se3/datasets/uniform123_128/images/0016.png",
      "transform_matrix": [
        [
          0.9958073351599412,
          0.0906190922876171,
          -0.012487247680115325,
          -0.012487247680115221
        ],
        [
          -0.08969424353398524,
          0.9940842682209972,
          0.06124875796610577,
          0.06124875796610574
        ],
        [
          0.017963683322814252,
          -0.059871928217594565,
          0.9980444169940457,
          0.9980444169940453
        ],
        [
          0.0,
          0.0,
          0.0,
          1.0
        ]
      ],
      "pose_sen_obj": [
        [
          0.9999999999999998,
          1.929879867024198e-17,
          0.0,
          0.0
        ],
        [
          1.929879867024198e-17,
          0.9999999999999999,
          -6.938893903907228e-18,
          0.0
        ],
        [
          0.0,
          -6.938893903907228e-18,
          0.9999999999999997,
          0.0
        ],
        [
          0.0,
          0.0,
          0.0,
          1.0
        ]
      ],
      "twist_sen_obj": [
        0.04586729763411856,
        0.08363287556490726,
        0.11598988258431786,
        0.6448569082994565,
        0.13040887860097025,
        0.9564810417467057
      ],
      "dtwist_sen_obj": [
        0.23108191344230697,
        1.173628390784654,
        10.475706524642296,
        4.200405451491832,
        0.21496961695560612,
        6.169265195527217
      ],
      "linacc_sen_obj": [
        0.16621476401459098,
        1.1427027143305017,
        10.523656259362353
      ],
      "ft_sen": [
        8.173176769015694,
        55.343065742882814,
        515.7288007943544,
        8.631620509216887,
        1.1502965184178837,
        4.892171490203011
      ]
    },
    {
      "file_path": "/home/atsushi/workspace/rigid_body_manip_se3/datasets/uniform123_128/images/0017.png",
      "transform_matrix": [
        [
          0.9942050602357502,
          0.10664544018792103,
          -0.013529533944407587,
          -0.01352953394440748
        ],
        [
          -0.10540493476791109,
          0.9918031279619866,
          0.07222433863589049,
          0.0722243386358905
        ],
        [
          0.02112103047203733,
          -0.0703797233011322,
          0.9972966442437554,
          0.9972966442437561
        ],
        [
          0.0,
          0.0,
          0.0,
          1.0
        ]
      ],
      "pose_sen_obj": [
        [
          1.0,
          -5.204170427930421e-18,
          -5.204170427930421e-18,
          0.0
        ],
        [
          -5.204170427930421e-18,
          1.0,
          1.3877787807814457e-17,
          0.0
        ],
        [
          -5.204170427930421e-18,
          1.3877787807814457e-17,
          1.0000000000000002,
          0.0
        ],
        [
          0.0,
          0.0,
          0.0,
          1.0
        ]
      ],
      "twist_sen_obj": [
        0.051810963895398736,
        0.09279340216749785,
        0.12701034008148834,
        0.7133177278479323,
        0.1324165257415705,
        1.0570291929653246
      ],
      "dtwist_sen_obj": [
        0.2527795632153827,
        1.3054352095697297,
        10.47158451290353,
        4.339118795804426,
        0.03652759345210283,
        6.374423245333551
      ],
      "linacc_sen_obj": [
        0.17151249617661168,
        1.269602183722718,
        10.530915063862578
      ],
      "ft_sen": [
        8.41080882120323,
        61.492191129672136,
        516.1008217198256,
        8.908233149904547,
        1.0426190638455188,
        5.050768196127381
      ]
    },
    {
      "file_path": "/home/atsushi/workspace/rigid_body_manip_se3/datasets/uniform123_128/images/0018.png",
      "transform_matrix": [
        [
          0.9921458913514749,
          0.12426935391468648,
          -0.01427087775904334,
          -0.014270877759043232
        ],
        [
          -0.12264485040388017,
          0.9888609381110376,
          0.08433436872099434,
          0.08433436872099431
        ],
        [
          0.024592091082236447,
          -0.08192174775836494,
          0.9963353131854846,
          0.9963353131854848
        ],
        [
          0.0,
          0.0,
          0.0,
          1.0
        ]
      ],
      "pose_sen_obj": [
        [
          0.9999999999999999,
          3.1008182133085427e-17,
          -3.469446951953614e-18,
          0.0
        ],
        [
          3.1008182133085427e-17,
          1.0000000000000002,
          0.0,
          0.0
        ],
        [
          -3.469446951953614e-18,
          0.0,
          1.0,
          0.0
        ],
        [
          0.0,
          0.0,
          0.0,
          1.0
        ]
      ],
      "twist_sen_obj": [
        0.05828687688912985,
        0.10230417752855558,
        0.1380420849511313,
        0.7838605766592365,
        0.13131415976701688,
        1.1607255416973525
      ],
      "dtwist_sen_obj": [
        0.280896868891475,
        1.4467887681345524,
        10.460206228636888,
        4.461971304296905,
        -0.1722802649540135,
        6.565097626757446
      ],
      "linacc_sen_obj": [
        0.1802766774095852,
        1.4062380865724975,
        10.532744547964931
      ],
      "ft_sen": [
        8.81101579263914,
        68.1171035600897,
        516.2095369076275,
        9.154418058885746,
        0.9102715168104702,
        5.198605039775422
      ]
    },
    {
      "file_path": "/home/atsushi/workspace/rigid_body_manip_se3/datasets/uniform123_128/images/0019.png",
      "transform_matrix": [
        [
          0.9891717765748212,
          0.14603452218278185,
          -0.014598450556771989,
          -0.014598450556772002
        ],
        [
          -0.1438926122254992,
          0.9845943097900794,
          0.09934264580692061,
          0.09934264580692054
        ],
        [
          0.028881007162736505,
          -0.09616633225741615,
          0.9949461914924959,
          0.9949461914924957
        ],
        [
          0.0,
          0.0,
          0.0,
          1.0
        ]
      ],
      "pose_sen_obj": [
        [
          1.0,
          -6.7220534694101275e-18,
          1.734723475976807e-18,
          0.0
        ],
        [
          -6.7220534694101275e-18,
          1.0,
          0.0,
          0.0
        ],
        [
          1.734723475976807e-18,
          0.0,
          1.0,
          0.0
        ],
        [
          0.0,
          0.0,
          0.0,
          1.0
        ]
      ],
      "twist_sen_obj": [
        0.06627943392178212,
        0.11338645608761269,
        0.15036293517008678,
        0.8653747678118925,
        0.12574658199800132,
        1.280864597262965
      ],
      "dtwist_sen_obj": [
        0.322188632248129,
        1.6170248580597788,
        10.43803177798641,
        4.578920818114831,
        -0.44402120782260796,
        6.762940966724056
      ],
      "linacc_sen_obj": [
        0.19586355999321955,
        1.571799548386491,
        10.527819143823814
      ],
      "ft_sen": [
        9.532032211850119,
        76.14988995282037,
        515.9932363754159,
        9.391920152799134,
        0.7322331555211639,
        5.353240999854729
      ]
    },
    {
      "file_path": "/home/atsushi/workspace/rigid_body_manip_se3/datasets/uniform123_128/images/0020.png",
      "transform_matrix": [
        [
          0.9858339466718958,
          0.16711427762767722,
          -0.014291529039718467,
          -0.014291529039718531
        ],
        [
          -0.16443748769217076,
          0.9797861398273343,
          0.11392731386168156,
          0.11392731386168164
        ],
        [
          0.03304152282811258,
          -0.10996335032741833,
          0.9933862890909902,
          0.9933862890909905
        ],
        [
          0.0,
          0.0,
          0.0,
          1.0
        ]
      ],
      "pose_sen_obj": [
        [
          0.9999999999999998,
          -1.6696713456276768e-17,
          -1.734723475976807e-18,
          0.0
        ],
        [
          -1.6696713456276768e-17,
          0.9999999999999997,
          -1.3877787807814457e-17,
          0.0
        ],
        [
          -1.734723475976807e-18,
          -1.3877787807814457e-17,
          0.9999999999999997,
          0.0
        ],
        [
          0.0,
          0.0,
          0.0,
          1.0
        ]
      ],
      "twist_sen_obj": [
        0.07408316610746919,
        0.12353775079537917,
        0.16114046360159356,
        0.9394111931458851,
        0.1164043076879514,
        1.3905067511842195
      ],
      "dtwist_sen_obj": [
        0.3694032441474642,
        1.777900500417629,
        10.409321465414177,
        4.6615659244654255,
        -0.7183919194302621,
        6.92450639652134
      ],
      "linacc_sen_obj": [
        0.21638061174643486,
        1.7295364878631128,
        10.516750611625351
      ],
      "ft_sen": [
        10.489618308544792,
        83.80842353190809,
        515.4766156821909,
        9.564699664730073,
        0.5487267095634002,
        5.481417462850964
      ]
    },
    {
      "file_path": "/home/atsushi/workspace/rigid_body_manip_se3/datasets/uniform123_128/images/0021.png",
      "transform_matrix": [
        [
          0.9817297552345413,
          0.18981753750506866,
          -0.01326612764296095,
          -0.013266127642960868
        ],
        [
          -0.18654170058730293,
          0.9738505380454529,
          0.12968162356547966,
          0.12968162356547963
        ],
        [
          0.037535071987735806,
          -0.1248376225506301,
          0.9914669365978787,
          0.9914669365978783
        ],
        [
          0.0,
          0.0,
          0.0,
          1.0
        ]
      ],
      "pose_sen_obj": [
        [
          0.9999999999999999,
          -3.686287386450715e-18,
          -5.204170427930421e-18,
          0.0
        ],
        [
          -3.686287386450715e-18,
          0.9999999999999998,
          2.7755575615628914e-17,
          0.0
        ],
        [
          -5.204170427930421e-18,
          2.7755575615628914e-17,
          1.0,
          0.0
        ],
        [
          0.0,
          0.0,
          0.0,
          1.0
        ]
      ],
      "twist_sen_obj": [
        0.08261830431076642,
        0.13392515980231537,
        0.17166268561549067,
        1.0145786768105465,
        0.10241475652001607,
        1.502612804018546
      ],
