{
  "date_time": "06/04/2024_17:32:39",
  "camera_angle_x": 0.7853981633974483,
  "aabb_scale": 1.28,
  "gt_mass_distr_file_path": null,
  "frames": [
    {
      "file_path": "/home/atsushi/workspace/rigid_body_manip_se3/datasets/uniform123_128/images/0000.png",
      "transform_matrix": [
        [
          1.0,
          0.0,
          0.0,
          0.0
        ],
        [
          0.0,
          1.0,
          0.0,
          0.0
        ],
        [
          0.0,
          0.0,
          1.0,
          2.5600000000000005
        ],
        [
          0.0,
          0.0,
          0.0,
          1.0
        ]
      ],
      "pose_sen_obj": [
        [
          1.0,
          0.0,
          0.0,
          0.0
        ],
        [
          0.0,
          1.0,
          0.0,
          0.0
        ],
        [
          0.0,
          0.0,
          1.0,
          0.0
        ],
        [
          0.0,
          0.0,
          0.0,
          1.0
        ]
      ],
      "twist_sen_obj": [
        0.0,
        0.0,
        0.0,
        0.0,
        0.0,
        0.0
      ],
      "dtwist_sen_obj": [
        0.0,
        0.0,
        9.81,
        0.0,
        0.0,
        0.0
      ],
      "linacc_sen_obj": [
        0.0,
        0.0,
        9.81
      ],
      "ft_sen": [
        0.0,
        0.0,
        2581.4426400000007,
        0.0,
        0.0,
        0.0
      ]
    },
    {
      "file_path": "/home/atsushi/workspace/rigid_body_manip_se3/datasets/uniform123_128/images/0001.png",
      "transform_matrix": [
        [
          0.9999999997137871,
          2.346078675249973e-05,
          -4.6922894238708e-06,
          -1.2012260925065021e-05
        ],
        [
          -2.3460713350870763e-05,
          0.9999999996024541,
          1.5642474355698994e-05,
          4.004473435070821e-05
        ],
        [
          4.69265640676054e-06,
          -1.5642364266764783e-05,
          0.9999999998666479,
          2.5599999996586185
        ],
        [
          0.0,
          0.0,
          0.0,
          1.0
        ]
      ],
      "pose_sen_obj": [
        [
          1.0000000000000002,
          1.4094511403050035e-21,
          8.470329472543003e-22,
          0.0
        ],
        [
          1.4094511403050035e-21,
          1.0000000000000002,
          -3.3881317890172014e-21,
          0.0
        ],
        [
          8.470329472543003e-22,
          -3.3881317890172014e-21,
          1.0000000000000004,
          0.0
        ],
        [
          0.0,
          0.0,
          0.0,
          1.0
        ]
      ],
      "twist_sen_obj": [
        0.0002123351193967495,
        0.00042465738175396074,
        0.0006369672522400177,
        0.0033351222940211137,
        0.0010004026435412796,
        0.005002050403853673
      ],
      "dtwist_sen_obj": [
        0.02336197044636979,
        0.04707081448652113,
        9.880273013086967,
        0.3679567638953512,
        0.11035385006597156,
        0.551860941736834
      ],
      "linacc_sen_obj": [
        0.02336048351246488,
        0.047069752233807355,
        9.880274216950653
      ],
      "ft_sen": [
        6.152249298170965,
        12.368842228325597,
        2599.9349488013972,
        16.461891747384918,
        4.19730568401459,
        6.172429177977614
      ]
    },
    {
      "file_path": "/home/atsushi/workspace/rigid_body_manip_se3/datasets/uniform123_128/images/0002.png",
      "transform_matrix": [
        [
          0.999999981692147,
          0.00018764030158918926,
          -3.750763734378182e-05,
          -9.601955159999065e-05
        ],
        [
          -0.00018763560757328364,
          0.9999999745698533,
          0.00012511263632295803,
          0.0003202883489867858
        ],
        [
          3.753111256276935e-05,
          -0.00012510559626409263,
          0.9999999914700026,
          2.559999978163207
        ],
        [
          0.0,
          0.0,
          0.0,
          1.0
        ]
      ],
      "pose_sen_obj": [
        [
          1.0,
          1.0049417261906733e-20,
          -6.776263578034403e-21,
          0.0
        ],
        [
          1.0049417261906733e-20,
          1.0000000000000004,
          0.0,
          0.0
        ],
        [
          -6.776263578034403e-21,
          0.0,
          1.0,
          0.0
        ],
        [
          0.0,
          0.0,
          0.0,
          1.0
        ]
      ],
      "twist_sen_obj": [
        0.0007894740662915745,
        0.0015786283861929237,
        0.00236747487201428,
        0.012397583802096691,
        0.0037161662882701386,
        0.018593409367557705
      ],
      "dtwist_sen_obj": [
        0.045310746163251994,
        0.09292877451852706,
        9.947121390106915,
        0.7182118672661179,
        0.21503048048904488,
        1.07708703699533
      ],
      "linacc_sen_obj": [
        0.04529019200973597,
        0.09291410256490154,
        9.947138027467714
      ],
      "ft_sen": [
        11.936389836915964,
        24.38533040368246,
        2617.530205882279,
        32.129779546243306,
        8.18623317990928,
        12.046611334806748
      ]
    },
    {
      "file_path": "/home/atsushi/workspace/rigid_body_manip_se3/datasets/uniform123_128/images/0003.png",
      "transform_matrix": [
        [
          0.9999997955888624,
          0.0006270254568861768,
          -0.00012514515632957584,
          -0.00032037160020381705
        ],
        [
          -0.0006269730823317683,
          0.9999997160435974,
          0.00041811180177639217,
          0.0010703662125476354
        ],
        [
          0.00012540728753734575,
          -0.0004180332536652802,
          0.9999999047606012,
          2.559999756187139
        ],
        [
          0.0,
          0.0,
          0.0,
          1.0
        ]
      ],
      "pose_sen_obj": [
        [
          1.0000000000000004,
          -1.1028633671047007e-19,
          -2.710505431213761e-20,
          0.0
        ],
        [
          -1.1028633671047007e-19,
          1.0000000000000002,
          0.0,
          0.0
        ],
        [
          -2.710505431213761e-20,
          0.0,
          1.0000000000000004,
          0.0
        ],
        [
          0.0,
          0.0,
          0.0,
          1.0
        ]
      ],
      "twist_sen_obj": [
        0.0017144298902855533,
        0.003426674252210974,
        0.005136818632375984,
        0.026908476970270902,
        0.008051549405203895,
        0.040352973201103516
      ],
      "dtwist_sen_obj": [
        0.06567107581917647,
        0.1385323488209507,
        10.01054609035232,
        1.0512779484770116,
        0.31337435702259786,
        1.5762618747493313
      ],
      "linacc_sen_obj": [
        0.06557415867391224,
        0.1384633071984988,
        10.010624493120556
      ],
      "ft_sen": [
        17.29493659805932,
        36.29541783364595,
        2634.2374504584513,
        47.022661896500296,
        11.95750310604272,
        17.628416150388684
      ]
    },
    {
      "file_path": "/home/atsushi/workspace/rigid_body_manip_se3/datasets/uniform123_128/images/0004.png",
      "transform_matrix": [
        [
          0.9999986539285418,
          0.0016092504392237893,
          -0.0003200845640228818,
          -0.0008194164838986051
        ],
        [
          -0.0016089060633175797,
          0.9999981297721349,
          0.0010732537033627855,
          0.002747529480608746
        ],
        [
          0.00032181109938534606,
          -0.0010727372726907771,
          0.9999993728359834,
          2.5599983944601172
        ],
        [
          0.0,
          0.0,
          0.0,
          1.0
        ]
      ],
      "pose_sen_obj": [
        [
          0.9999999999999998,
          1.8168856718604742e-19,
          -5.421010862427522e-20,
          0.0
        ],
        [
          1.8168856718604742e-19,
          0.9999999999999999,
          2.168404344971009e-19,
          0.0
        ],
        [
          -5.421010862427522e-20,
          2.168404344971009e-19,
          1.0,
          0.0
        ],
        [
          0.0,
          0.0,
          0.0,
          1.0
        ]
      ],
      "twist_sen_obj": [
        0.003151732475124048,
        0.00629348039189013,
        0.009425674609089156,
        0.04941032373709848,
        0.014727822276005826,
        0.07408456432021608
      ],
      "dtwist_sen_obj": [
        0.08652726532630073,
        0.1907013380956172,
        10.077770356902708,
        1.4062063974457064,
        0.415150789945941,
        2.1075153338410764
      ],
      "linacc_sen_obj": [
        0.08619983523388385,
        0.190469107189015,
        10.078034901650549
      ],
      "ft_sen": [
        22.753697415251086,
        49.86210460890398,
        2651.978686889279,
        62.87841314877699,
        15.920053785338121,
        23.566465503986787
      ]
    },
    {
      "file_path": "/home/atsushi/workspace/rigid_body_manip_se3/datasets/uniform123_128/images/0005.png",
      "transform_matrix": [
        [
          0.999995166414884,
          0.003050048945019656,
          -0.000603612707746,
          -0.0015452485318299125
        ],
        [
          -0.003048815051874409,
          0.9999932824392767,
          0.002034650608817585,
          0.005208705558573001
        ],
        [
          0.0006098144368838903,
          -0.0020328004706518083,
          0.9999977479217633,
          2.5599942346797144
        ],
        [
          0.0,
          0.0,
          0.0,
          1.0
        ]
      ],
      "pose_sen_obj": [
        [
          0.9999999999999994,
          5.213487790350219e-19,
          1.0842021724855044e-19,
          0.0
        ],
        [
          5.213487790350219e-19,
          0.9999999999999994,
          -4.336808689942018e-19,
          0.0
        ],
        [
          1.0842021724855044e-19,
          -4.336808689942018e-19,
          0.9999999999999994,
          0.0
        ],
        [
          0.0,
          0.0,
          0.0,
          1.0
        ]
      ],
      "twist_sen_obj": [
        0.004767536121716545,
        0.009506901615185998,
        0.01421947405027925,
        0.07461669366137756,
        0.022117642957590573,
        0.1118502729292242
      ],
      "dtwist_sen_obj": [
        0.10317110569732459,
        0.2388566186205001,
        10.133793418870749,
        1.704902087016291,
        0.49625924356740964,
        2.5535875465994273
      ],
      "linacc_sen_obj": [
        0.10242225740704355,
        0.23832885869767842,
        10.13439734577451
      ],
      "ft_sen": [
        27.05582880498705,
        62.32288597570541,
        2666.813989774796,
        76.20068609654987,
        19.169758010291854,
        28.54881078904202
      ]
    },
    {
      "file_path": "/home/atsushi/workspace/rigid_body_manip_se3/datasets/uniform123_128/images/0006.png",
      "transform_matrix": [
        [
          0.999986255259954,
          0.005144689584883297,
          -0.0010106731666943928,
          -0.002587323306737721
        ],
        [
          -0.005141192144597712,
          0.9999808906287059,
          0.00343315026658709,
          0.008788864682462982
        ],
        [
          0.0010283163457854433,
          -0.0034279070138837713,
          0.9999935959889931,
          2.559983605731823
        ],
        [
          0.0,
          0.0,
          0.0,
          1.0
        ]
      ],
      "pose_sen_obj": [
        [
          1.0000000000000007,
          3.290723000082957e-19,
          2.168404344971009e-19,
          0.0
        ],
        [
          3.290723000082957e-19,
          1.0000000000000004,
          -4.336808689942018e-19,
          0.0
        ],
        [
          2.168404344971009e-19,
          -4.336808689942018e-19,
          1.0000000000000002,
          0.0
        ],
        [
          0.0,
          0.0,
          0.0,
          1.0
        ]
      ],
      "twist_sen_obj": [
        0.006690823758866539,
        0.013315615303431007,
        0.01987814588471027,
        0.10446499489036809,
        0.0307167196524212,
        0.1565370794516912
      ],
      "dtwist_sen_obj": [
        0.11802218326029604,
        0.28961759584962826,
        10.186219278871974,
        1.9885716825352544,
        0.5669189113372229,
        2.9758422111491867
      ],
      "linacc_sen_obj": [
        0.11654838716394528,
        0.28858838745169096,
        10.187404774398964
      ],
      "ft_sen": [
        30.81009650783647,
        75.38986047446949,
        2680.7683604915837,
        88.82368668457596,
        22.136706499316247,
        33.26020706408869
      ]
    },
    {
      "file_path": "/home/atsushi/workspace/rigid_body_manip_se3/datasets/uniform123_128/images/0007.png",
      "transform_matrix": [
        [
          0.9999632336964182,
          0.008417801571015624,
          -0.0016345862210419718,
          -0.004184540725867381
        ],
        [
          -0.0084084931814068,
          0.9999488529854461,
          0.005620378591271692,
          0.014388169193655487
        ],
        [
          0.001681813848572044,
          -0.005606427543632107,
          0.999982869589463,
          2.559956146149025
        ],
        [
          0.0,
          0.0,
          0.0,
          1.0
        ]
      ],
      "pose_sen_obj": [
        [
          1.0000000000000004,
          1.9244588561617704e-18,
          2.168404344971009e-19,
          0.0
        ],
        [
          1.9244588561617704e-18,
          1.0000000000000002,
          -8.673617379884035e-19,
          0.0
        ],
        [
          2.168404344971009e-19,
          -8.673617379884035e-19,
          1.0000000000000002,
          0.0
        ],
        [
          0.0,
          0.0,
          0.0,
          1.0
        ]
      ],
      "twist_sen_obj": [
        0.009213032784299212,
        0.018278259201340907,
        0.027205982075838065,
        0.14330223947798132,
        0.04160893003023684,
        0.21461723950799222
      ],
      "dtwist_sen_obj": [
        0.1326571202496094,
        0.3509108467388327,
        10.24076495712064,
        2.290690455970097,
        0.6317435856272045,
        3.4234032114049366
      ],
      "linacc_sen_obj": [
        0.1298663025214035,
        0.3489894442438302,
        10.243000928161463
      ],
      "ft_sen": [
        34.358754213114345,
        91.07672158557524,
        2695.407592534782,
        102.2216648283766,
        25.101844798299204,
        38.24611515919358
      ]
    },
    {
      "file_path": "/home/atsushi/workspace/rigid_body_manip_se3/datasets/uniform123_128/images/0008.png",
      "transform_matrix": [
        [
          0.9999221411619517,
          0.012255686419952444,
          -0.002347288749487465,
          -0.006009059198687883
        ],
        [
          -0.012236091263552006,
          0.9998916119296468,
          0.008187946221254822,
          0.02096114232641244
        ],
        [
          0.002447383232700481,
          -0.008158587077915395,
          0.9999637232281,
          2.559907131463936
        ],
        [
          0.0,
          0.0,
          0.0,
          1.0
        ]
      ],
      "pose_sen_obj": [
        [
          0.9999999999999997,
          -2.0328790734103208e-20,
          0.0,
          0.0
        ],
        [
          -2.0328790734103208e-20,
          0.9999999999999996,
          3.469446951953614e-18,
          0.0
        ],
        [
          0.0,
          3.469446951953614e-18,
          0.9999999999999999,
          0.0
        ],
        [
          0.0,
          0.0,
          0.0,
          1.0
        ]
      ],
      "twist_sen_obj": [
        0.011769403022810366,
        0.023264711083832133,
        0.03450899547372276,
        0.1822533500826558,
        0.05213874437705216,
        0.27278516907862693
      ],
      "dtwist_sen_obj": [
        0.14396568697173592,
        0.4100342294753647,
        10.285161811071788,
        2.5449392715110086,
        0.6742672469670828,
        3.797717842381603
      ],
      "linacc_sen_obj": [
        0.13941867451888065,
        0.4069553680358234,
        10.288788240709845
      ],
      "ft_sen": [
        36.9116244189928,
        106.12113222792522,
        2707.4679068432006,
        113.44597792863313,
        27.37380964687991,
        42.40728067294675
      ]
    },
    {
      "file_path": "/home/atsushi/workspace/rigid_body_manip_se3/datasets/uniform123_128/images/0009.png",
      "transform_matrix": [
        [
          0.9998491612929046,
          0.017068557753033557,
          -0.003212319739178577,
          -0.00822353853229707
        ],
        [
          -0.01703087983779547,
          0.9997898334813109,
          0.01141218644097009,
          0.029215197288883332
        ],
        [
          0.0034064341804781618,
          -0.011355756410043672,
          0.9999297190315577,
          2.5598200807207876
        ],
        [
          0.0,
          0.0,
          0.0,
          1.0
        ]
      ],
      "pose_sen_obj": [
        [
          1.0,
          4.262269790583639e-18,
          4.336808689942018e-19,
          0.0
        ],
        [
          4.262269790583639e-18,
          1.0000000000000002,
          -1.734723475976807e-18,
          0.0
        ],
        [
          4.336808689942018e-19,
          -1.734723475976807e-18,
          1.0000000000000002,
          0.0
        ],
        [
          0.0,
          0.0,
          0.0,
          1.0
        ]
      ],
      "twist_sen_obj": [
        0.01462153984757306,
        0.02876928820536114,
        0.042491534681124585,
        0.22515505899066637,
        0.06321270760693343,
        0.3367481794490849
      ],
      "dtwist_sen_obj": [
        0.15389268524921956,
        0.4743532572713062,
        10.32554365519646,
        2.786432829243174,
        0.7005758649375995,
        4.150759703298744
      ],
      "linacc_sen_obj": [
        0.14689068477958597,
        0.4697098501979861,
        10.33109693885631
      ],
      "ft_sen": [
        38.91467474806576,
        122.4033545011223,
        2718.6166477116117,
        124.05094489011574,
        29.272489468854683,
        46.322120836973085
      ]
    },
    {
      "file_path": "/home/atsushi/workspace/rigid_body_manip_se3/datasets/uniform123_128/images/0010.png",
      "transform_matrix": [
        [
          0.9997081168185378,
          0.023762380700096657,
          -0.004362388175810928,
          -0.011167713730076079
        ],
        [
          -0.023690238577707235,
          0.9995928271843506,
          0.01590447854310752,
          0.04071546507035517
        ],
        [
          0.004738540203912268,
          -0.01579649027665733,
          0.9998639993177447,
          2.5596518382534263
        ],
        [
          0.0,
          0.0,
          0.0,
          1.0
        ]
      ],
      "pose_sen_obj": [
        [
          1.0,
          2.0328790734103208e-19,
          8.673617379884035e-19,
          0.0
        ],
        [
          2.0328790734103208e-19,
          0.9999999999999999,
          0.0,
          0.0
        ],
        [
          8.673617379884035e-19,
          0.0,
          0.9999999999999997,
          0.0
        ],
        [
          0.0,
          0.0,
          0.0,
          1.0
        ]
      ],
      "twist_sen_obj": [
        0.018188749040487565,
        0.03555628659714095,
        0.05220604462113687,
        0.2778943571651961,
        0.07597694712036593,
        0.4152191703872624
      ],
      "dtwist_sen_obj": [
        0.1637900347879185,
        0.5538617217101656,
        10.365935895791917,
        3.0435766466500422,
        0.7083721309163402,
        4.5235320439254085
      ],
      "linacc_sen_obj": [
        0.1529928388565455,
        0.5469062737870105,
        10.374434861574978
      ],
      "ft_sen": [
        40.55572065381618,
        142.43152250585342,
        2730.043702994925,
        135.2681536924716,
        30.926003206760413,
        50.44240752027281
      ]
    },
    {
      "file_path": "/home/atsushi/workspace/rigid_body_manip_se3/datasets/uniform123_128/images/0011.png",
      "transform_matrix": [
        [
          0.9995058035010602,
          0.03094495618580597,
          -0.005527970184327539,
          -0.01415160367187851
        ],
        [
          -0.03082420760657819,
          0.9993097297061149,
          0.020734809864544724,
          0.0530811132532345
        ],
        [
          0.006165792173503167,
          -0.020554167493498792,
          0.9997697280901852,
          2.5594105039108737
        ],
        [
          0.0,
          0.0,
          0.0,
          1.0
        ]
      ],
      "pose_sen_obj": [
        [
          1.0000000000000002,
          2.8731357570865868e-18,
          8.673617379884035e-19,
          0.0
        ],
        [
          2.8731357570865868e-18,
          1.0000000000000007,
          0.0,
          0.0
        ],
        [
          8.673617379884035e-19,
          0.0,
          1.0000000000000004,
          0.0
        ],
        [
          0.0,
          0.0,
          0.0,
          1.0
        ]
      ],
      "twist_sen_obj": [
        0.021687646470329516,
        0.042097419117968424,
        0.06142221843933664,
        0.3285406709198734,
        0.08725354684640148,
        0.49040683871243057
      ],
      "dtwist_sen_obj": [
        0.17191358721667174,
        0.6316755572222184,
        10.397114833606661,
        3.2597001507816654,
        0.693799591030359,
        4.834098911261872
      ],
      "linacc_sen_obj": [
        0.15662803140308318,
        0.6221316305113987,
        10.409053223850387
      ],
      "ft_sen": [
        41.53490692766225,
        161.95118581121002,
        2739.1796471804314,
        144.62475530534624,
        31.93621235466206,
        53.862223735413224
      ]
    },
    {
      "file_path": "/home/atsushi/workspace/rigid_body_manip_se3/datasets/uniform123_128/images/0012.png",
      "transform_matrix": [
        [
          0.9992014643441248,
          0.03937158072137171,
          -0.0068053129286896235,
          -0.017421601097445505
        ],
        [
          -0.03917912937672428,
          0.9988830087391437,
          0.0264145920566259,
          0.0676213556649623
        ],
        [
          0.007837695697000433,
          -0.026126872827351058,
          0.9996279092954662,
          2.5590474477963934
        ],
        [
          0.0,
          0.0,
          0.0,
          1.0
        ]
      ],
      "pose_sen_obj": [
        [
          1.0000000000000002,
          6.938893903907228e-18,
          0.0,
          0.0
        ],
        [
          6.938893903907228e-18,
          1.0000000000000002,
          -3.469446951953614e-18,
          0.0
        ],
        [
          0.0,
          -3.469446951953614e-18,
          1.0000000000000002,
          0.0
        ],
        [
          0.0,
          0.0,
          0.0,
          1.0
        ]
      ],
      "twist_sen_obj": [
        0.025509022819546798,
        0.049099622190435815,
        0.071115846085522,
        0.38253979110658115,
        0.09811102921207622,
        0.5703917745593909
      ],
      "dtwist_sen_obj": [
        0.17995376697738608,
        0.7168922543643526,
        10.423576538209824,
        3.4643624502137556,
        0.6570533752572406,
        5.125932692932406
      ],
      "linacc_sen_obj": [
        0.1589249951987259,
        0.7042377502517465,
        10.439856380942945
      ],
      "ft_sen": [
        42.15020458155554,
        183.26226843634657,
        2747.3182863138036,
        153.41707625048818,
        32.48730220231757,
        57.06315145532728
      ]
    },
    {
      "file_path": "/home/atsushi/workspace/rigid_body_manip_se3/datasets/uniform123_128/images/0013.png",
      "transform_matrix": [
        [
          0.9986927329762614,
          0.05043174017464003,
          -0.008334547580017608,
          -0.021336441804844952
        ],
        [
          -0.05012241462384444,
          0.9981679392825942,
          0.03388965241212624,
          0.08675751017504318
        ],
        [
          0.010028392327856121,
          -0.0334276019375741,
          0.9993908278426522,
          2.5584405192771893
        ],
        [
          0.0,
          0.0,
          0.0,
          1.0
        ]
      ],
      "pose_sen_obj": [
        [
          1.0,
          -1.8431436932253575e-18,
          1.734723475976807e-18,
          0.0
        ],
        [
          -1.8431436932253575e-18,
          1.0,
          0.0,
          0.0
        ],
        [
          1.734723475976807e-18,
          0.0,
          1.0,
          0.0
        ],
        [
          0.0,
          0.0,
          0.0,
          1.0
        ]
      ],
      "twist_sen_obj": [
        0.03021653797930735,
        0.05750888018281675,
        0.08250618822388915,
        0.4470690845897335,
        0.10936352849694553,
        0.6657447577780934
      ],
      "dtwist_sen_obj": [
        0.18972457650546246,
        0.8223458848911677,
        10.447335668357248,
        3.6809316976613995,
        0.58701852467391,
        5.4328144195587855
      ],
      "linacc_sen_obj": [
        0.1604615088650614,
        0.8055764206068519,
        10.46974152356398
      ],
      "ft_sen": [
        42.54810961443003,
        209.57595344311756,
        2755.228802969037,
        162.64331126500696,
        32.53053391458759,
        60.41442897533987
      ]
    },
    {
      "file_path": "/home/atsushi/workspace/rigid_body_manip_se3/datasets/uniform123_128/images/0014.png",
      "transform_matrix": [
        [
          0.9980446476878988,
          0.06174371262224988,
          -0.009726004994804277,
          -0.024898572786699047
        ],
        [
          -0.06128984904029955,
          0.9972544929264204,
          0.04155755939279182,
          0.10638735204554706
        ],
        [
          0.012265220183723991,
          -0.040880194345051094,
          0.9990887718737287,
          2.557667255996746
        ],
        [
          0.0,
          0.0,
          0.0,
          1.0
        ]
      ],
      "pose_sen_obj": [
        [
          1.0,
          -5.963111948670274e-19,
          1.734723475976807e-18,
          0.0
        ],
        [
          -5.963111948670274e-19,
          1.0,
          -6.938893903907228e-18,
          0.0
        ],
        [
          1.734723475976807e-18,
          -6.938893903907228e-18,
          0.9999999999999998,
          0.0
        ],
        [
          0.0,
          0.0,
          0.0,
          1.0
        ]
      ],
      "twist_sen_obj": [
        0.03479065233772388,
        0.06543967025859522,
        0.09298344007570493,
        0.507584598088293,
        0.11806963203510379,
        0.7549662056647592
      ],
      "dtwist_sen_obj": [
        0.1999443279524227,
        0.9251734493755934,
        10.46273672643672,
        3.8610219362585427,
        0.497455221098216,
        5.687367543234484
      ],
      "linacc_sen_obj": [
        0.16151810895243468,
        0.904242254103913,
        10.491845175644183
      ],
      "ft_sen": [
        42.79941558655096,
        235.20793716337528,
        2761.0961271701676,
        170.254411278816,
        32.03551309041082,
        63.18240133865781
      ]
    },
    {
      "file_path": "/home/atsushi/workspace/rigid_body_manip_se3/datasets/uniform123_128/images/0015.png",
      "transform_matrix": [
        [
          0.9971583335644112,
          0.07451393344155789,
          -0.011087449035450598,
          -0.02838386953075367
        ],
        [
          -0.0738688788581149,
          0.996001669774869,
          0.05024004918307743,
          0.12861452590867817
        ],
        [
          0.014786701433780981,
          -0.04927826629194632,
          0.9986756259827154,
          2.556609602515752
        ],
        [
          0.0,
          0.0,
          0.0,
          1.0
        ]
      ],
      "pose_sen_obj": [
        [
          1.0000000000000002,
          1.0842021724855044e-18,
          -1.734723475976807e-18,
          0.0
        ],
        [
          1.0842021724855044e-18,
          1.0000000000000002,
          0.0,
          0.0
        ],
        [
          -1.734723475976807e-18,
          0.0,
          1.0000000000000002,
          0.0
        ],
        [
          0.0,
          0.0,
          0.0,
          1.0
        ]
      ],
      "twist_sen_obj": [
        0.0397626845572767,
        0.07378327287750136,
        0.10371608542931211,
        0.5708720094537073,
        0.12511436903165182,
        0.8481089601421025
      ],
      "dtwist_sen_obj": [
        0.21260211711032087,
        1.037000955180527,
        10.472357571246159,
        4.028887705986772,
        0.38066185341718084,
        5.925495783157536
      ],
      "linacc_sen_obj": [
        0.16300223486122348,
        1.0115154341311536,
        10.50950349330842
      ],
      "ft_sen": [
        43.13893387512617,
        263.09007275405634,
        2765.804069528363,
        177.30399549591695,
        31.023348078935406,
        65.76281957325499
      ]
    },
    {
      "file_path": "/home/atsushi/workspace/rigid_body_manip_se3/datasets/uniform123_128/images/0016.png",
      "transform_matrix": [
        [
          0.9958007094576821,
          0.09069100924169383,
          -0.012493513769182948,
          -0.031983395249108426
        ],
        [
          -0.08976516713339093,
          0.9940761771452397,
          0.061276168302376165,
          0.15686699085408284
        ],
        [
          0.017976701952587177,
          -0.059897369516780465,
          0.9980426560582861,
          2.5549891995092127
        ],
        [
          0.0,
          0.0,
          0.0,
          1.0
        ]
      ],
      "pose_sen_obj": [
        [
          1.0000000000000007,
          9.432558900623889e-18,
          1.734723475976807e-18,
          0.0
        ],
        [
          9.432558900623889e-18,
          1.0000000000000007,
          -6.938893903907228e-18,
          0.0
        ],
        [
          1.734723475976807e-18,
          -6.938893903907228e-18,
          1.0000000000000002,
          0.0
        ],
        [
          0.0,
          0.0,
          0.0,
          1.0
        ]
      ],
      "twist_sen_obj": [
        0.04587720951059346,
        0.08364201829289633,
        0.11600127855606598,
        0.6451318836862951,
        0.13049733007994485,
        0.9572622268806541
      ],
      "dtwist_sen_obj": [
        0.23114575568195914,
        1.1739557442761663,
        10.475738527180383,
        4.202085298982029,
        0.21515120822877612,
        6.17458142657599
      ],
      "linacc_sen_obj": [
        0.16621626812753537,
        1.143036140670454,
        10.523711806644352
      ],
      "ft_sen": [
        43.89255467529252,
        297.29434247294574,
        2769.6258969197333,
        184.54640767049648,
        29.25482327755345,
        68.45549731550503
      ]
    },
    {
      "file_path": "/home/atsushi/workspace/rigid_body_manip_se3/datasets/uniform123_128/images/0017.png",
      "transform_matrix": [
        [
          0.9941958606007851,
          0.1067303639671473,
          -0.01353588459262402,
          -0.03465186455711744
        ],
        [
          -0.10548852315475643,
          0.9917918929530186,
          0.07225657447801492,
          0.18497683066371806
        ],
        [
          0.021136751095969995,
          -0.07040930677196564,
          0.9972942230219718,
          2.553073210936248
        ],
        [
          0.0,
          0.0,
          0.0,
          1.0
        ]
      ],
      "pose_sen_obj": [
        [
          1.0000000000000004,
          2.6020852139652106e-18,
          3.469446951953614e-18,
          0.0
        ],
        [
          2.6020852139652106e-18,
          1.0000000000000004,
          -2.7755575615628914e-17,
          0.0
        ],
        [
          3.469446951953614e-18,
          -2.7755575615628914e-17,
          1.0000000000000002,
          0.0
        ],
        [
          0.0,
          0.0,
          0.0,
          1.0
        ]
      ],
      "twist_sen_obj": [
        0.05182308459158546,
        0.09280336361340913,
        0.12702249333901297,
        0.713619941902834,
        0.13250681458158461,
        1.057897369749086
      ],
      "dtwist_sen_obj": [
        0.25286748813641685,
        1.3058068025615308,
        10.471604210461534,
        4.340841313232878,
        0.036568281000802186,
        6.3799554602738695
      ],
      "linacc_sen_obj": [
        0.17152239983848644,
        1.2699845231263138,
        10.5309636295507
      ],
      "ft_sen": [
        45.1707737885081,
        330.3296370205999,
        2771.621983942089,
        190.34819481564134,
        27.11866665084144,
        70.67514005722651
      ]
    },
    {
      "file_path": "/home/atsushi/workspace/rigid_body_manip_se3/datasets/uniform123_128/images/0018.png",
      "transform_matrix": [
        [
          0.9921333685459292,
          0.12436859900051603,
          -0.014276925451804064,
          -0.03654892915661834
        ],
        [
          -0.12274234446820625,
          0.9888456403431328,
          0.08437189371365111,
          0.21599204790694682
        ],
        [
          0.0246108897067076,
          -0.08195578781897156,
          0.9963320495451383,
          2.5506100468355535
        ],
        [
          0.0,
          0.0,
          0.0,
          1.0
        ]
      ],
      "pose_sen_obj": [
        [
          1.0,
          -2.5370330836160804e-17,
          0.0,
          0.0
        ],
        [
          -2.5370330836160804e-17,
          0.9999999999999998,
          0.0,
          0.0
        ],
        [
          0.0,
          0.0,
          1.0,
          0.0
        ],
        [
          0.0,
          0.0,
          0.0,
          1.0
        ]
      ],
      "twist_sen_obj": [
        0.05830162927048192,
        0.10231487805854679,
        0.1380548936603383,
        0.7841906872930966,
        0.13140377983168927,
        1.1616840294039923
      ],
      "dtwist_sen_obj": [
        0.2810166228799105,
        1.4472065188854213,
        10.460210353401749,
        4.463733371985548,
        -0.17241096719641455,
        6.57083098181808
      ],
      "linacc_sen_obj": [
        0.18029999792011014,
        1.4066732285534964,
        10.532783673490302
      ],
      "ft_sen": [
        47.32334554408091,
        365.92107232616627,
        2772.203408063121,
        195.52053357351545,
        24.453855730856823,
        72.7441987660107
      ]
    },
    {
      "file_path": "/home/atsushi/workspace/rigid_body_manip_se3/datasets/uniform123_128/images/0019.png",
      "transform_matrix": [
        [
          0.9891544328119117,
          0.14615144469704744,
          -0.014603535924946264,
          -0.03738505196786246
        ],
        [
          -0.14400722578361697,
          0.9845731103319502,
          0.09938666577250717,
          0.2544298643776183
        ],
        [
          0.02890375357374323,
          -0.09620574631608846,
          0.9949417206073494,
          2.5470508047548144
        ],
        [
          0.0,
          0.0,
          0.0,
          1.0
        ]
      ],
      "pose_sen_obj": [
        [
          1.0000000000000002,
          2.8189256484623115e-18,
          -3.469446951953614e-18,
          0.0
        ],
        [
          2.8189256484623115e-18,
          1.0000000000000002,
          1.3877787807814457e-17,
          0.0
        ],
        [
          -3.469446951953614e-18,
          1.3877787807814457e-17,
          1.0000000000000002,
          0.0
        ],
        [
          0.0,
          0.0,
          0.0,
          1.0
        ]
      ],
      "twist_sen_obj": [
        0.0662977313439801,
        0.11339783350331399,
        0.15037632988180652,
        0.8657369921644894,
        0.1258318335908328,
        1.281928341524689
      ],
      "dtwist_sen_obj": [
        0.3223554021483268,
        1.61749588136985,
        10.438013950655,
        4.580723873022451,
        -0.4443825588062974,
        6.768881272805956
      ],
      "linacc_sen_obj": [
        0.19590963483061835,
        1.5722984706338776,
        10.527844284852202
      ],
      "ft_sen": [
        51.201133454133675,
        409.0760760819342,
        2771.038233226043,
        200.5399968367157,
        20.835234366254355,
        74.9083989964087
      ]
    },
    {
      "file_path": "/home/atsushi/workspace/rigid_body_manip_se3/datasets/uniform123_128/images/0020.png",
      "transform_matrix": [
        [
          0.9858111719211832,
          0.1672482734533365,
          -0.01429504607412615,
          -0.036595317949762896
        ],
        [
          -0.1645686018661516,
          0.9797582808604816,
          0.11397756957021786,
          0.2917825780997577
        ],
        [
          0.0330682414894337,
          -0.11000784568471349,
          0.9933804735812984,
          2.543054012368124
        ],
        [
          0.0,
          0.0,
          0.0,
          1.0
        ]
      ],
      "pose_sen_obj": [
        [
          1.0,
          -1.713039432527097e-17,
          8.673617379884035e-18,
          0.0
        ],
        [
          -1.713039432527097e-17,
          1.0,
          0.0,
          0.0
        ],
        [
          8.673617379884035e-18,
          0.0,
          1.0,
          0.0
        ],
        [
          0.0,
          0.0,
          0.0,
          1.0
        ]
      ],
      "twist_sen_obj": [
        0.07410520920955674,
        0.12354952634600631,
        0.1611542165720165,
        0.9398025633455316,
        0.1164818950707525,
        1.3916670054203923
      ],
      "dtwist_sen_obj": [
        0.36962363015803695,
        1.7784189701021318,
        10.40927967242063,
        4.6634022353611995,
        -0.718992568009901,
        6.930611816984062
      ],
      "linacc_sen_obj": [
        0.21645537935193343,
        1.7300955988605253,
        10.516759918777389
      ],
      "ft_sen": [
        56.350904295172434,
        450.2203205872342,
        2768.259769583178,
        204.24116294374753,
        17.084712550291933,
        76.70224918699728
      ]
    },
    {
      "file_path": "/home/atsushi/workspace/rigid_body_manip_se3/datasets/uniform123_128/images/0021.png",
      "transform_matrix": [
        [
          0.9817002830586171,
          0.18996982572232787,
          -0.013267236247958097,
          -0.03396412479477284
        ],
        [
          -0.18669047286963866,
          0.9738144511782932,
          0.1297385140042465,
          0.3321305958508709
        ],
        [
          0.03756622928031858,
          -0.12488746931276865,
          0.9914594789633667,
          2.5381362661462186
        ],
        [
          0.0,
          0.0,
          0.0,
          1.0
        ]
      ],
      "pose_sen_obj": [
        [
          0.9999999999999998,
          2.2768245622195593e-17,
          5.204170427930421e-18,
          0.0
        ],
        [
          2.2768245622195593e-17,
          0.9999999999999999,
          0.0,
          0.0
        ],
        [
          5.204170427930421e-18,
          0.0,
          0.9999999999999998,
          0.0
        ],
        [
          0.0,
          0.0,
          0.0,
          1.0
        ]
      ],
      "twist_sen_obj": [
        0.08264472665704033,
        0.13393706513409176,
